12.998	12.988
12.998	12.988
13.0042	12.9828
13.0104	12.9776
13.0165	12.9724
13.0165	12.9724
13.0226	12.9673
13.0286	12.9621
13.0346	12.9571
13.0346	12.9571
13.0405	12.952
13.0463	12.947
13.0521	12.942
13.0579	12.937
13.0579	12.937
13.0636	12.9321
13.0692	12.9272
13.0748	12.9223
13.0804	12.9175
13.0804	12.9175
13.0859	12.9127
13.0913	12.9079
13.0967	12.9031
13.1021	12.8984
13.1074	12.8937
13.1074	12.8937
13.1126	12.889
13.1178	12.8843
13.123	12.8797
13.1281	12.8751
13.1331	12.8706
13.1381	12.866
13.1431	12.8615
13.1431	12.8615
13.148	12.857
13.1529	12.8526
13.1577	12.8481
13.1625	12.8437
13.1672	12.8393
13.1719	12.835
13.1765	12.8307
13.1811	12.8264
13.1856	12.8221
13.1901	12.8178
13.1945	12.8136
13.1989	12.8094
13.1989	12.8094
13.2033	12.8053
13.2076	12.8011
13.2119	12.797
13.2161	12.7929
13.2203	12.7888
13.2244	12.7848
13.2285	12.7808
13.2325	12.7768
13.2365	12.7728
13.2405	12.7688
13.2483	12.761
13.2521	12.7571
13.2559	12.7533
13.2597	12.7495
13.2634	12.7457
13.267	12.7419
13.2707	12.7381
13.2743	12.7344
13.2778	12.7307
13.2813	12.727
13.2848	12.7233
13.2882	12.7197
13.2916	12.7161
13.2982	12.7089
13.3015	12.7053
13.3047	12.7018
13.3079	12.6983
13.311	12.6948
13.3142	12.6913
13.3172	12.6879
13.3233	12.6811
13.3262	12.6777
13.3292	12.6743
13.332	12.671
13.3349	12.6676
13.3405	12.6611
13.3432	12.6578
13.3459	12.6546
13.3486	12.6513
13.3538	12.645
13.3564	12.6418
13.3589	12.6387
13.3614	12.6355
13.3639	12.6324
13.3687	12.6263
13.3711	12.6233
13.3757	12.6172
13.378	12.6142
13.3802	12.6113
13.3824	12.6083
13.3846	12.6054
13.3867	12.6024
13.3909	12.5967
13.3929	12.5938
13.3949	12.591
13.3969	12.5881
13.3989	12.5853
13.4008	12.5825
13.4027	12.5797
13.4045	12.577
13.4064	12.5742
13.4082	12.5715
13.4117	12.5661
13.4134	12.5634
13.4151	12.5607
13.4167	12.5581
13.4184	12.5555
13.42	12.5528
13.4215	12.5502
13.4246	12.5451
13.4261	12.5425
13.4276	12.54
13.429	12.5374
13.4304	12.5349
13.4318	12.5324
13.4332	12.5299
13.4358	12.525
13.4371	12.5226
13.4384	12.5201
13.4396	12.5177
13.4408	12.5153
13.442	12.5129
13.4443	12.5082
13.4455	12.5059
13.4466	12.5035
13.4476	12.5012
13.4487	12.4989
13.4507	12.4943
13.4517	12.492
13.4527	12.4898
13.4536	12.4875
13.4545	12.4853
13.4563	12.4808
13.4572	12.4786
13.458	12.4765
13.4588	12.4743
13.4596	12.4721
13.4611	12.4678
13.4619	12.4657
13.4626	12.4635
13.4633	12.4614
13.4646	12.4572
13.4653	12.4551
13.4659	12.4531
13.4665	12.451
13.4677	12.4469
13.4683	12.4449
13.4688	12.4428
13.4693	12.4408
13.4703	12.4368
13.4708	12.4348
13.4713	12.4328
13.4721	12.4289
13.4726	12.4269
13.473	12.425
13.4733	12.423
13.4741	12.4192
13.4744	12.4172
13.4751	12.4134
13.4754	12.4115
13.4757	12.4096
13.4762	12.4059
13.4765	12.404
13.4767	12.4021
13.4772	12.3984
13.4776	12.3947
13.4778	12.3929
13.4781	12.3892
13.4783	12.3874
13.4784	12.3856
13.4787	12.382
13.4788	12.3802
13.479	12.3766
13.4792	12.3731
13.4793	12.3695
13.4794	12.3677
13.4795	12.3642
13.4795	12.3607
13.4796	12.3572
13.4796	12.3555
13.4796	12.352
13.4796	12.3485
13.4795	12.3451
13.4795	12.3416
13.4794	12.3382
13.4793	12.333
13.4792	12.3296
13.479	12.3228
13.4788	12.3176
13.4786	12.3125
13.4784	12.3057
13.4782	12.3005
13.4779	12.2937
13.4778	12.2885
13.4777	12.285
13.4776	12.2798
13.4776	12.2763
13.4776	12.2728
13.4776	12.2693
13.4776	12.2676
13.4776	12.264
13.4777	12.2605
13.4778	12.2569
13.4778	12.2551
13.4779	12.2515
13.4781	12.2479
13.4783	12.2443
13.4784	12.2424
13.4787	12.2388
13.4788	12.2369
13.4791	12.2332
13.4793	12.2314
13.4796	12.2276
13.4798	12.2257
13.4803	12.222
13.4805	12.2201
13.481	12.2162
13.4813	12.2143
13.4815	12.2124
13.4822	12.2085
13.4825	12.2065
13.4828	12.2046
13.4835	12.2006
13.4839	12.1986
13.4843	12.1966
13.4851	12.1926
13.4855	12.1906
13.486	12.1886
13.4869	12.1845
13.4874	12.1824
13.4879	12.1803
13.489	12.1762
13.4896	12.1741
13.4901	12.172
13.4913	12.1677
13.4919	12.1656
13.4926	12.1635
13.4939	12.1592
13.4945	12.157
13.4952	12.1548
13.4966	12.1504
13.4974	12.1482
13.4981	12.146
13.4996	12.1416
13.5004	12.1394
13.502	12.1349
13.5028	12.1326
13.5037	12.1304
13.5054	12.1258
13.5063	12.1235
13.5072	12.1212
13.509	12.1166
13.5099	12.1143
13.5118	12.1096
13.5128	12.1073
13.5148	12.1026
13.5158	12.1002
13.5168	12.0978
13.5189	12.0931
13.5199	12.0907
13.5221	12.0859
13.5243	12.0811
13.5254	12.0786
13.5276	12.0738
13.5299	12.0689
13.5311	12.0664
13.5335	12.0615
13.5359	12.0565
13.5384	12.0515
13.5409	12.0465
13.5421	12.044
13.5447	12.039
13.5473	12.0339
13.55	12.0288
13.5513	12.0262
13.554	12.0211
13.5568	12.016
13.5596	12.0108
13.5624	12.0056
13.5653	12.0004
13.5667	11.9978
13.5696	11.9925
13.5726	11.9873
13.5756	11.982
13.5786	11.9767
13.5802	11.974
13.5832	11.9687
13.5863	11.9634
13.5895	11.958
13.5911	11.9553
13.5943	11.9499
13.5975	11.9445
13.6008	11.9391
13.604	11.9337
13.6057	11.9309
13.609	11.9255
13.6124	11.92
13.6158	11.9145
13.6175	11.9118
13.6209	11.9063
13.6243	11.9007
13.6278	11.8952
13.6313	11.8897
13.6331	11.8869
13.6366	11.8813
13.6402	11.8758
13.6438	11.8702
13.6456	11.8674
13.6492	11.8618
13.6528	11.8562
13.6565	11.8506
13.6601	11.8449
13.662	11.8421
13.6657	11.8365
13.6694	11.8308
13.6732	11.8252
13.675	11.8223
13.6788	11.8167
13.6826	11.811
13.6864	11.8053
13.6883	11.8025
13.6921	11.7968
13.696	11.7911
13.6998	11.7854
13.7017	11.7826
13.7056	11.7769
13.7095	11.7712
13.7134	11.7655
13.7153	11.7626
13.7192	11.7569
13.7232	11.7512
13.7271	11.7455
13.731	11.7398
13.733	11.7369
13.7369	11.7312
13.7409	11.7255
13.7449	11.7198
13.7468	11.717
13.7508	11.7112
13.7548	11.7055
13.7588	11.6998
13.7627	11.6941
13.7647	11.6913
13.7687	11.6856
13.7727	11.6799
13.7767	11.6742
13.7787	11.6713
13.7827	11.6657
13.7867	11.66
13.7907	11.6543
13.7947	11.6486
13.7986	11.643
13.8006	11.6401
13.8046	11.6345
13.8086	11.6288
13.8126	11.6232
13.8165	11.6176
13.8205	11.612
13.8245	11.6063
13.8284	11.6007
13.8304	11.5979
13.8343	11.5924
13.8383	11.5868
13.8422	11.5812
13.8461	11.5757
13.85	11.5701
13.8539	11.5646
13.8558	11.5618
13.8597	11.5563
13.8636	11.5508
13.8674	11.5453
13.8713	11.5399
13.8751	11.5344
13.8789	11.529
13.8827	11.5235
13.8865	11.5181
13.8883	11.5154
13.8921	11.51
13.8958	11.5047
13.8995	11.4993
13.9032	11.494
13.9069	11.4886
13.9106	11.4833
13.9142	11.4781
13.9178	11.4728
13.9196	11.4702
13.9232	11.4649
13.9268	11.4597
13.9303	11.4545
13.9338	11.4494
13.9373	11.4442
13.9408	11.4391
13.9442	11.434
13.9476	11.4289
13.951	11.4239
13.9544	11.4188
13.9577	11.4138
13.961	11.4088
13.9643	11.4039
13.9675	11.3989
13.9707	11.394
13.9739	11.3891
13.9771	11.3843
13.9802	11.3795
13.9832	11.3747
13.9863	11.3699
13.9893	11.3651
13.9923	11.3604
13.9953	11.3557
13.9982	11.351
14.0011	11.3464
14.004	11.3417
14.0082	11.3349
14.011	11.3303
14.0138	11.3257
14.0165	11.3212
14.0193	11.3167
14.0219	11.3123
14.0246	11.3078
14.0272	11.3034
14.0311	11.2968
14.0337	11.2924
14.0362	11.2881
14.04	11.2816
14.0425	11.2773
14.0449	11.273
14.0474	11.2688
14.051	11.2624
14.0533	11.2582
14.0568	11.2519
14.0592	11.2478
14.0614	11.2437
14.0637	11.2395
14.0671	11.2334
14.0693	11.2293
14.0725	11.2233
14.0747	11.2192
14.0779	11.2132
14.08	11.2093
14.0831	11.2033
14.0852	11.1994
14.0882	11.1935
14.0912	11.1877
14.0932	11.1838
14.0961	11.1781
14.098	11.1742
14.1009	11.1685
14.1028	11.1647
14.1056	11.1591
14.1084	11.1534
14.1102	11.1497
14.1129	11.1441
14.1156	11.1386
14.1182	11.1331
14.12	11.1294
14.1225	11.1239
14.1251	11.1185
14.1276	11.1131
14.1301	11.1077
14.1326	11.1023
14.135	11.097
14.1374	11.0917
14.139	11.0881
14.1422	11.0811
14.1445	11.0758
14.1461	11.0724
14.1492	11.0654
14.1515	11.0602
14.1537	11.055
14.156	11.0499
14.1582	11.0447
14.1611	11.0379
14.1626	11.0345
14.1655	11.0277
14.1677	11.0226
14.1705	11.0159
14.1727	11.0108
14.1748	11.0058
14.1776	10.9991
14.1798	10.9941
14.1826	10.9874
14.1847	10.9824
14.1875	10.9758
14.1895	10.9708
14.1923	10.9642
14.1944	10.9592
14.1972	10.9526
14.1993	10.9476
14.2021	10.941
14.2042	10.936
14.2063	10.931
14.2084	10.9261
14.2112	10.9194
14.2134	10.9144
14.2162	10.9078
14.2184	10.9028
14.2205	10.8978
14.2227	10.8928
14.2256	10.8862
14.2278	10.8811
14.2301	10.8761
14.2323	10.8711
14.2346	10.866
14.2369	10.861
14.2392	10.8559
14.2415	10.8508
14.2438	10.8457
14.2462	10.8406
14.2486	10.8355
14.251	10.8303
14.2534	10.8252
14.2559	10.82
14.2584	10.8148
14.2609	10.8096
14.2634	10.8043
14.266	10.7991
14.2686	10.7938
14.2703	10.7903
14.2738	10.7832
14.2756	10.7797
14.2783	10.7744
14.281	10.7691
14.2837	10.7637
14.2864	10.7583
14.2892	10.753
14.2919	10.7476
14.2947	10.7422
14.2975	10.7367
14.3004	10.7313
14.3032	10.7259
14.306	10.7204
14.3089	10.7149
14.3118	10.7094
14.3137	10.7058
14.3166	10.7003
14.3195	10.6948
14.3225	10.6892
14.3254	10.6837
14.3284	10.6782
14.3313	10.6726
14.3343	10.6671
14.3373	10.6615
14.3403	10.6559
14.3433	10.6503
14.3463	10.6447
14.3493	10.6391
14.3523	10.6335
14.3553	10.6279
14.3583	10.6222
14.3613	10.6166
14.3644	10.6109
14.3674	10.6053
14.3704	10.5996
14.3735	10.594
14.3765	10.5883
14.3796	10.5826
14.3826	10.5769
14.3856	10.5713
14.3887	10.5656
14.3907	10.5618
14.3937	10.5561
14.3968	10.5504
14.3998	10.5447
14.4028	10.539
14.4058	10.5333
14.4088	10.5275
14.4108	10.5237
14.4138	10.518
14.4168	10.5123
14.4198	10.5066
14.4228	10.5009
14.4258	10.4951
14.4277	10.4913
14.4307	10.4856
14.4336	10.4799
14.4366	10.4741
14.4395	10.4684
14.4414	10.4646
14.4443	10.4589
14.4472	10.4532
14.4501	10.4474
14.452	10.4436
14.4548	10.4379
14.4576	10.4322
14.4605	10.4265
14.4623	10.4227
14.4651	10.417
14.4679	10.4113
14.4706	10.4055
14.4724	10.4017
14.4752	10.3961
14.4779	10.3904
14.4796	10.3866
14.4823	10.3809
14.4849	10.3752
14.4876	10.3695
14.4893	10.3657
14.4919	10.3601
14.4944	10.3544
14.4961	10.3507
14.4986	10.345
14.5011	10.3394
14.5028	10.3356
14.5052	10.33
14.5076	10.3243
14.5092	10.3206
14.5116	10.315
14.5139	10.3094
14.5155	10.3057
14.5178	10.3001
14.52	10.2945
14.5215	10.2908
14.5237	10.2852
14.5259	10.2797
14.5273	10.276
14.5295	10.2704
14.5309	10.2667
14.5329	10.2612
14.5349	10.2557
14.5363	10.252
14.5383	10.2466
14.5402	10.2411
14.5415	10.2374
14.5434	10.232
14.5452	10.2265
14.5464	10.2229
14.5482	10.2175
14.55	10.2121
14.5517	10.2067
14.5529	10.2031
14.5545	10.1977
14.5562	10.1923
14.5578	10.187
14.5589	10.1834
14.5605	10.1781
14.562	10.1728
14.5635	10.1675
14.565	10.1622
14.5665	10.1569
14.5674	10.1534
14.5688	10.1482
14.5702	10.143
14.5716	10.1378
14.5729	10.1326
14.5742	10.1274
14.5755	10.1222
14.5767	10.1171
14.5779	10.1119
14.5792	10.1068
14.5803	10.1017
14.5815	10.0967
14.5826	10.0916
14.5837	10.0866
14.5848	10.0816
14.5859	10.0766
14.5869	10.0716
14.5882	10.065
14.5892	10.06
14.5902	10.0551
14.5911	10.0502
14.5921	10.0453
14.5933	10.0389
14.5941	10.034
14.595	10.0292
14.5961	10.0228
14.5969	10.0181
14.5977	10.0133
14.5987	10.0071
14.5995	10.0024
14.6005	9.99615
14.6012	9.99152
14.6021	9.98538
14.6028	9.9808
14.6037	9.97473
14.6043	9.9702
14.6052	9.96421
14.606	9.95825
14.6065	9.95382
14.6073	9.94794
14.6081	9.94211
14.6088	9.93632
14.6095	9.93058
14.6102	9.92489
14.6108	9.91924
14.6115	9.91364
14.6121	9.90809
14.6127	9.90259
14.6133	9.89713
14.6139	9.89173
14.6146	9.88504
14.6151	9.87975
14.6158	9.87321
14.6163	9.86803
14.6169	9.86164
14.6175	9.85533
14.6181	9.8491
14.6187	9.84295
14.6193	9.8369
14.6199	9.83093
14.6205	9.82388
14.6211	9.81811
14.6217	9.81243
14.6223	9.80573
14.6229	9.80025
14.6235	9.7938
14.6241	9.78852
14.6247	9.78333
14.6252	9.77823
14.6259	9.77221
14.6265	9.76728
14.6272	9.76146
14.6278	9.75669
14.6284	9.75198
14.6292	9.74642
14.6298	9.74185
14.6305	9.73733
14.6312	9.73287
14.6317	9.72934
14.6323	9.72583
14.633	9.72149
14.6336	9.71805
14.6342	9.71463
14.6348	9.71123
14.6354	9.70786
14.6361	9.7045
14.6367	9.70116
14.6374	9.69784
14.6381	9.69453
14.6388	9.69123
14.6396	9.68794
14.6403	9.68467
14.6411	9.6814
14.6419	9.67813
14.6427	9.67487
14.6435	9.67161
14.6443	9.66835
14.6452	9.66509
14.6461	9.66183
14.647	9.65857
14.648	9.65529
14.6489	9.65201
14.6499	9.64872
14.6509	9.64542
14.652	9.6421
14.653	9.63877
14.6538	9.63626
14.6549	9.6329
14.6561	9.62952
14.6572	9.62612
14.6584	9.6227
14.6597	9.61925
14.6609	9.61577
14.6622	9.61227
14.6635	9.60874
14.6645	9.60607
14.6659	9.60248
14.6673	9.59885
14.6687	9.59519
14.6706	9.59057
14.6721	9.58682
14.674	9.58208
14.676	9.57727
14.6781	9.57238
14.6798	9.56842
14.6819	9.5634
14.6841	9.5583
14.686	9.55416
14.6883	9.54891
14.6907	9.54356
14.6926	9.53922
14.6952	9.5337
14.6972	9.52922
14.6998	9.52352
14.702	9.51889
14.7047	9.513
14.707	9.50821
14.7093	9.50336
14.7122	9.4972
14.7146	9.49221
14.717	9.48715
14.7194	9.48203
14.7225	9.47554
14.7251	9.47028
14.7276	9.46497
14.7302	9.45959
14.7329	9.45416
14.7355	9.44868
14.7382	9.44314
14.7409	9.43754
14.7437	9.43189
14.7464	9.42619
14.7492	9.42044
14.7521	9.41464
14.7549	9.40879
14.7578	9.40289
14.7607	9.39695
14.7636	9.39096
14.7665	9.38492
14.7687	9.38036
14.7717	9.37425
14.7747	9.36809
14.7769	9.36345
14.7799	9.35722
14.7822	9.35252
14.7852	9.34622
14.7883	9.33988
14.7906	9.33511
14.7936	9.3287
14.7959	9.32388
14.7983	9.31903
14.8013	9.31254
14.8037	9.30765
14.8068	9.30111
14.8091	9.29618
14.8114	9.29123
14.8145	9.2846
14.8169	9.27961
14.8192	9.27461
14.8223	9.26791
14.8247	9.26287
14.827	9.25782
14.8294	9.25275
14.8325	9.24597
14.8348	9.24087
14.8372	9.23575
14.8395	9.23063
14.8418	9.22549
14.8442	9.22034
14.8473	9.21345
14.8496	9.20828
14.8519	9.20309
14.8542	9.19789
14.8565	9.19269
14.8588	9.18747
14.8611	9.18225
14.8634	9.17702
14.8664	9.17003
14.8687	9.16478
14.8709	9.15952
14.8732	9.15425
14.8754	9.14898
14.8777	9.14371
14.8799	9.13842
14.8821	9.13314
14.8843	9.12784
14.8865	9.12255
14.8887	9.11725
14.8909	9.11195
14.893	9.10664
14.8952	9.10133
14.8973	9.09602
14.8994	9.09071
14.9016	9.08539
14.9036	9.08008
14.9057	9.07476
14.9078	9.06944
14.9098	9.06413
14.9119	9.05881
14.9139	9.0535
14.9159	9.04819
14.9179	9.04287
14.9198	9.03757
14.9218	9.03226
14.9237	9.02696
14.9256	9.02166
14.9275	9.01636
14.9294	9.01106
14.9313	9.00578
14.9331	9.00049
14.935	8.99521
14.9368	8.98993
14.9392	8.9829
14.9411	8.97764
14.9429	8.97238
14.9446	8.96713
14.947	8.96013
14.9488	8.95489
14.9506	8.94966
14.9529	8.9427
14.9546	8.93748
14.9564	8.93227
14.9587	8.92534
14.9604	8.92015
14.9627	8.91325
14.9645	8.90808
14.9668	8.90121
14.9685	8.89606
14.9708	8.88921
14.9725	8.88409
14.9748	8.87727
14.9766	8.87218
14.9783	8.86709
14.9806	8.86032
14.9824	8.85526
14.9841	8.85021
14.9859	8.84518
14.9882	8.83848
14.99	8.83347
14.9917	8.82848
14.9935	8.8235
14.9959	8.81688
14.9977	8.81193
14.9995	8.807
15.0014	8.80208
15.0032	8.79718
15.0051	8.79229
15.0069	8.78741
15.0094	8.78094
15.0113	8.7761
15.0132	8.77128
15.0152	8.76648
15.0171	8.76169
15.0191	8.75692
15.021	8.75217
15.023	8.74743
15.0244	8.74428
15.0264	8.73958
15.0285	8.73489
15.0305	8.73022
15.0326	8.72557
15.0347	8.72094
15.0361	8.71787
15.0383	8.71327
15.0397	8.71021
15.0419	8.70565
15.0434	8.70262
15.0449	8.69959
15.0471	8.69508
15.0486	8.69208
15.0501	8.68909
15.0517	8.68611
15.0532	8.68313
15.0555	8.6787
15.0571	8.67575
15.0587	8.67281
15.0603	8.66988
15.0619	8.66697
15.0636	8.66406
15.0652	8.66116
15.0677	8.65684
15.0694	8.65397
15.071	8.6511
15.0727	8.64825
15.0745	8.64541
15.0762	8.64258
15.0779	8.63977
15.0797	8.63696
15.0815	8.63416
15.0833	8.63138
15.0851	8.6286
15.0869	8.62584
15.0887	8.62309
15.0906	8.62035
15.0925	8.61762
15.0944	8.6149
15.0963	8.61219
15.0982	8.6095
15.1001	8.60681
15.1021	8.60414
15.1041	8.60148
15.106	8.59883
15.108	8.5962
15.1101	8.59357
15.1121	8.59096
15.1142	8.58836
15.1163	8.58578
15.1184	8.5832
15.1205	8.58064
15.1226	8.57809
15.1248	8.57556
15.127	8.57303
15.128	8.57178
15.1303	8.56927
15.1325	8.56678
15.1347	8.5643
15.137	8.56183
15.1393	8.55938
15.1416	8.55694
15.1439	8.55452
15.1463	8.5521
15.1474	8.5509
15.1498	8.54851
15.1522	8.54613
15.1546	8.54376
15.1571	8.54141
15.1595	8.53907
15.162	8.53674
15.1645	8.53443
15.1657	8.53327
15.1683	8.53098
15.1708	8.5287
15.1734	8.52643
15.1759	8.52417
15.1785	8.52193
15.1812	8.5197
15.1838	8.51749
15.1865	8.51529
15.1891	8.5131
15.1918	8.51092
15.1932	8.50984
15.1959	8.50768
15.1986	8.50554
15.2014	8.50341
15.2042	8.50129
15.207	8.49919
15.2098	8.4971
15.2126	8.49503
15.2155	8.49296
15.2183	8.49091
15.2212	8.48888
15.2227	8.48786
15.2256	8.48585
15.2285	8.48384
15.2315	8.48185
15.2344	8.47988
15.2374	8.47791
15.2404	8.47596
15.2435	8.47402
15.2465	8.4721
15.2495	8.47019
15.2526	8.46829
15.2557	8.46641
15.2588	8.46454
15.2604	8.46361
15.2635	8.46176
15.2667	8.45992
15.2698	8.4581
15.273	8.45629
15.2762	8.45449
15.2794	8.45271
15.2827	8.45094
15.2859	8.44918
15.2892	8.44744
15.2925	8.44571
15.2958	8.44399
15.2991	8.44229
15.3024	8.4406
15.3058	8.43892
15.3074	8.43809
15.3108	8.43643
15.3142	8.43479
15.3176	8.43316
15.321	8.43154
15.3245	8.42994
15.3279	8.42835
15.3314	8.42677
15.3349	8.42521
15.3384	8.42366
15.3419	8.42213
15.3454	8.4206
15.3489	8.4191
15.3525	8.4176
15.3561	8.41612
15.3597	8.41465
15.3633	8.4132
15.3669	8.41175
15.3705	8.41033
15.3742	8.40891
15.3778	8.40751
15.3815	8.40612
15.3852	8.40475
15.3889	8.40339
15.3927	8.40204
15.3983	8.40005
15.402	8.39874
15.4058	8.39744
15.4096	8.39615
15.4134	8.39488
15.4191	8.39299
15.423	8.39176
15.4268	8.39053
15.4326	8.38872
15.4365	8.38753
15.4404	8.38635
15.4463	8.38461
15.4502	8.38347
15.4542	8.38234
15.4601	8.38067
15.4641	8.37957
15.4701	8.37795
15.4741	8.37689
15.4781	8.37584
15.4842	8.3743
15.4882	8.37328
15.4944	8.37179
15.4984	8.37081
15.5025	8.36984
15.5087	8.36842
15.5129	8.36748
15.517	8.36656
15.5232	8.36521
15.5274	8.36433
15.5337	8.36303
15.5379	8.36218
15.5421	8.36134
15.5485	8.36011
15.5527	8.35931
15.557	8.35852
15.5634	8.35736
15.5677	8.35661
15.572	8.35587
15.5785	8.35478
15.5828	8.35408
15.5893	8.35304
15.5937	8.35237
15.598	8.35171
15.6046	8.35075
15.609	8.35013
15.6134	8.34952
15.62	8.34863
15.6245	8.34805
15.6289	8.34749
15.6356	8.34668
15.6401	8.34615
15.6446	8.34564
15.6513	8.34489
15.6558	8.34441
15.6603	8.34395
15.6671	8.34328
15.6717	8.34285
15.6762	8.34243
15.683	8.34183
15.6876	8.34145
15.6922	8.34108
15.6968	8.34072
15.7037	8.34021
15.7083	8.33989
15.713	8.33958
15.7199	8.33914
15.7246	8.33886
15.7292	8.33859
15.7362	8.33822
15.7409	8.33798
15.7456	8.33776
15.7526	8.33744
15.7574	8.33725
15.7621	8.33707
15.7692	8.33682
15.7739	8.33666
15.7787	8.33652
15.7858	8.33633
15.7906	8.33621
15.7953	8.33611
15.8025	8.33597
15.8073	8.3359
15.8121	8.33583
15.8193	8.33575
15.8241	8.33571
15.8314	8.33567
15.8362	8.33565
15.8411	8.33564
15.8484	8.33565
15.8532	8.33567
15.8581	8.3357
15.8654	8.33575
15.8703	8.3358
15.8752	8.33586
15.8825	8.33597
15.8874	8.33605
15.8924	8.33613
15.8997	8.33628
15.9047	8.33639
15.9096	8.33651
15.917	8.3367
15.922	8.33684
15.9294	8.33706
15.9344	8.33722
15.9393	8.33738
15.9468	8.33764
15.9518	8.33783
15.9568	8.33802
15.9643	8.33831
15.9693	8.33852
15.9768	8.33884
15.9818	8.33907
15.9868	8.3393
15.9943	8.33965
15.9993	8.3399
16.0044	8.34015
16.0119	8.34053
16.017	8.3408
16.0245	8.34121
16.0296	8.34149
16.0347	8.34177
16.0422	8.34221
16.0473	8.3425
16.0524	8.3428
16.06	8.34327
16.0651	8.34358
16.0727	8.34406
16.0778	8.34438
16.0829	8.34471
16.0905	8.34521
16.0956	8.34555
16.1032	8.34606
16.1083	8.34641
16.116	8.34693
16.1211	8.34729
16.1262	8.34765
16.1339	8.34819
16.139	8.34856
16.1467	8.34911
16.1518	8.34949
16.1569	8.34986
16.1646	8.35043
16.1698	8.35081
16.1774	8.35139
16.1826	8.35177
16.1903	8.35236
16.1954	8.35275
16.2031	8.35333
16.2083	8.35373
16.2134	8.35412
16.2211	8.35472
16.2262	8.35512
16.234	8.35571
16.2391	8.35611
16.2468	8.35671
16.252	8.35712
16.2597	8.35772
16.2648	8.35812
16.2725	8.35872
16.2777	8.35912
16.2854	8.35972
16.2906	8.36012
16.2983	8.36072
16.3034	8.36112
16.3086	8.36151
16.3163	8.36211
16.3214	8.3625
16.3291	8.36309
16.3343	8.36348
16.342	8.36406
16.3471	8.36445
16.3548	8.36502
16.3599	8.3654
16.3651	8.36578
16.3728	8.36635
16.3779	8.36672
16.3856	8.36728
16.3907	8.36764
16.3984	8.36819
16.4035	8.36855
16.4086	8.3689
16.4163	8.36943
16.4214	8.36978
16.4291	8.37029
16.4342	8.37063
16.4393	8.37096
16.4469	8.37146
16.452	8.37178
16.4597	8.37227
16.4648	8.37258
16.4699	8.3729
16.4775	8.37336
16.4826	8.37367
16.4902	8.37412
16.4953	8.37442
16.5029	8.37486
16.508	8.37514
16.513	8.37543
16.5206	8.37585
16.5257	8.37613
16.5333	8.37654
16.5384	8.37681
16.5459	8.37721
16.551	8.37748
16.5586	8.37787
16.5636	8.37812
16.5687	8.37837
16.5762	8.37875
16.5813	8.37899
16.5888	8.37936
16.5939	8.3796
16.6014	8.37995
16.6065	8.38018
16.614	8.38053
16.619	8.38075
16.6266	8.38109
16.6316	8.38131
16.6391	8.38163
16.6441	8.38185
16.6517	8.38216
16.6567	8.38237
16.6642	8.38268
16.6692	8.38288
16.6767	8.38318
16.6817	8.38337
16.6892	8.38366
16.6942	8.38385
16.7017	8.38414
16.7067	8.38432
16.7142	8.3846
16.7192	8.38478
16.7267	8.38505
16.7317	8.38522
16.7392	8.38548
16.7442	8.38565
16.7516	8.38591
16.7566	8.38607
16.7641	8.38632
16.7691	8.38648
16.7765	8.38673
16.7815	8.38688
16.789	8.38712
16.7939	8.38727
16.8014	8.3875
16.8064	8.38765
16.8138	8.38788
16.8188	8.38802
16.8262	8.38824
16.8312	8.38839
16.8386	8.3886
16.8461	8.38881
16.851	8.38895
16.8584	8.38916
16.8634	8.38929
16.8708	8.3895
16.8758	8.38963
16.8832	8.38983
16.8881	8.38996
16.8956	8.39015
16.9005	8.39028
16.9079	8.39047
16.9153	8.39066
16.9203	8.39079
16.9277	8.39097
16.9326	8.3911
16.94	8.39128
16.945	8.3914
16.9524	8.39158
16.9598	8.39176
16.9647	8.39188
16.9721	8.39206
16.977	8.39218
16.9844	8.39235
16.9918	8.39253
16.9968	8.39265
17.0042	8.39282
17.0091	8.39294
17.0165	8.39311
17.0214	8.39322
17.0288	8.3934
17.0362	8.39357
17.0411	8.39368
17.0485	8.39386
17.0534	8.39397
17.0608	8.39414
17.0681	8.39432
17.0731	8.39443
17.0804	8.3946
17.0853	8.39472
17.0927	8.39489
17.1001	8.39506
17.105	8.39518
17.1124	8.39536
17.1173	8.39547
17.1247	8.39565
17.1296	8.39577
17.1369	8.39595
17.1443	8.39613
17.1492	8.39625
17.1566	8.39643
17.1615	8.39655
17.1689	8.39673
17.1762	8.39692
17.1811	8.39704
17.1885	8.39723
17.1934	8.39736
17.2008	8.39755
17.2057	8.39768
17.213	8.39787
17.2204	8.39807
17.2253	8.3982
17.2327	8.3984
17.2376	8.39853
17.245	8.39873
17.2499	8.39887
17.2572	8.39907
17.2646	8.39928
17.2695	8.39941
17.2769	8.39962
17.2818	8.39976
17.2891	8.39997
17.2965	8.40019
17.3014	8.40033
17.3088	8.40055
17.3137	8.40069
17.3211	8.40091
17.3284	8.40113
17.3333	8.40128
17.3407	8.4015
17.3456	8.40165
17.353	8.40188
17.3579	8.40203
17.3653	8.40225
17.3702	8.40241
17.3776	8.40264
17.385	8.40287
17.3899	8.40303
17.3973	8.40326
17.4022	8.40342
17.4096	8.40366
17.417	8.4039
17.4219	8.40406
17.4293	8.4043
17.4342	8.40446
17.4416	8.40471
17.4466	8.40487
17.4539	8.40512
17.4614	8.40537
17.4663	8.40554
17.4737	8.40579
17.4786	8.40596
17.486	8.40621
17.491	8.40638
17.4984	8.40664
17.5058	8.4069
17.5108	8.40707
17.5182	8.40733
17.5231	8.40751
17.5306	8.40777
17.5355	8.40795
17.5429	8.40821
17.5479	8.40839
17.5553	8.40866
17.5628	8.40893
17.5677	8.40911
17.5752	8.40939
17.5802	8.40957
17.5876	8.40984
17.5926	8.41003
17.6001	8.41031
17.605	8.41049
17.6125	8.41077
17.62	8.41105
17.6249	8.41124
17.6324	8.41153
17.6374	8.41172
17.6449	8.412
17.6499	8.4122
17.6574	8.41249
17.6624	8.41268
17.6699	8.41297
17.6749	8.41317
17.6824	8.41346
17.6899	8.41376
17.6949	8.41395
17.7024	8.41425
17.7075	8.41445
17.715	8.41475
17.72	8.41495
17.7275	8.41526
17.7326	8.41546
17.7401	8.41576
17.7452	8.41597
17.7527	8.41628
17.7578	8.41648
17.7653	8.41679
17.7704	8.417
17.7779	8.41731
17.783	8.41752
17.7906	8.41783
17.7956	8.41804
17.8032	8.41836
17.8083	8.41857
17.8159	8.41889
17.821	8.41911
17.8286	8.41943
17.8337	8.41964
17.8413	8.41997
17.8464	8.42018
17.854	8.42051
17.8591	8.42073
17.8668	8.42106
17.8719	8.42128
17.8795	8.42161
17.8846	8.42183
17.8923	8.42216
17.8974	8.42238
17.9051	8.42272
17.9102	8.42294
17.9179	8.42328
17.923	8.42351
17.9307	8.42385
17.9359	8.42407
17.9436	8.42441
17.9488	8.42464
17.9565	8.42499
17.9616	8.42522
17.9694	8.42556
17.9745	8.42579
17.9823	8.42614
17.9875	8.42637
17.9952	8.42672
18.0004	8.42695
18.0056	8.42718
18.0133	8.42753
18.0185	8.42777
18.0263	8.42812
18.0315	8.42835
18.0392	8.4287
18.0444	8.42894
18.0522	8.42929
18.0574	8.42952
18.0652	8.42987
18.0704	8.43011
18.0782	8.43046
18.0833	8.43069
18.0885	8.43093
18.0963	8.43128
18.1015	8.43151
18.1093	8.43186
18.1145	8.4321
18.1223	8.43244
18.1275	8.43268
18.1352	8.43302
18.1404	8.43326
18.1482	8.4336
18.1534	8.43383
18.1612	8.43418
18.1664	8.43441
18.1715	8.43464
18.1793	8.43498
18.1845	8.4352
18.1922	8.43554
18.1974	8.43577
18.2052	8.43611
18.2103	8.43633
18.2181	8.43667
18.2232	8.43689
18.231	8.43722
18.2361	8.43744
18.2413	8.43766
18.249	8.43799
18.2541	8.43821
18.2618	8.43853
18.267	8.43875
18.2747	8.43907
18.2798	8.43928
18.2875	8.43959
18.2926	8.4398
18.3002	8.44012
18.3053	8.44032
18.313	8.44063
18.3181	8.44084
18.3257	8.44114
18.3308	8.44134
18.3384	8.44164
18.3435	8.44184
18.3511	8.44213
18.3561	8.44233
18.3637	8.44261
18.3687	8.4428
18.3763	8.44309
18.3813	8.44327
18.3888	8.44355
18.3938	8.44374
18.4013	8.44401
18.4063	8.44419
18.4138	8.44445
18.4188	8.44463
18.4263	8.44488
18.4312	8.44505
18.4387	8.44531
18.4436	8.44547
18.451	8.44572
18.4559	8.44588
18.4633	8.44612
18.4707	8.44635
18.4756	8.44651
18.4829	8.44673
18.4878	8.44688
18.495	8.4471
18.4999	8.44724
18.5072	8.44745
18.5144	8.44766
18.5192	8.44779
18.5264	8.44799
18.5312	8.44812
18.5384	8.44831
18.5456	8.44849
18.5503	8.44861
18.5575	8.44879
18.5622	8.4489
18.5693	8.44907
18.5763	8.44923
18.581	8.44933
18.588	8.44949
18.595	8.44963
18.5997	8.44972
18.6067	8.44986
18.6136	8.44999
18.6182	8.45007
18.6251	8.45019
18.632	8.4503
18.6365	8.45038
18.6433	8.45048
18.6501	8.45057
18.6569	8.45066
18.6614	8.45072
18.6681	8.4508
18.6748	8.45087
18.6815	8.45094
18.6859	8.45097
18.6925	8.45103
18.6991	8.45107
18.7057	8.45111
18.7122	8.45115
18.7166	8.45116
18.7231	8.45119
18.7295	8.4512
18.736	8.45121
18.7424	8.45121
18.7487	8.45121
18.7551	8.4512
18.7593	8.45119
18.7656	8.45117
18.7719	8.45114
18.7782	8.45111
18.7844	8.45107
18.7907	8.45102
18.7969	8.45098
18.803	8.45092
18.8092	8.45086
18.8153	8.45079
18.8214	8.45072
18.8275	8.45065
18.8336	8.45057
18.8396	8.45048
18.8456	8.45039
18.8516	8.45029
18.8576	8.45019
18.8636	8.45009
18.8715	8.44994
18.8774	8.44982
18.8833	8.4497
18.8892	8.44958
18.8951	8.44945
18.9009	8.44932
18.9068	8.44918
18.9145	8.44899
18.9203	8.44884
18.9261	8.4487
18.9319	8.44854
18.9376	8.44839
18.9453	8.44817
18.951	8.44801
18.9567	8.44784
18.9624	8.44767
18.97	8.44744
18.9756	8.44726
18.9813	8.44708
18.9888	8.44683
18.9944	8.44664
19.0001	8.44645
19.0075	8.4462
19.0131	8.446
19.0187	8.4458
19.0261	8.44554
19.0317	8.44533
19.0373	8.44513
19.0446	8.44485
19.0502	8.44465
19.0576	8.44436
19.0631	8.44415
19.0686	8.44394
19.0759	8.44365
19.0814	8.44343
19.0888	8.44314
19.0943	8.44292
19.1016	8.44263
19.1071	8.44241
19.1144	8.44211
19.1198	8.44188
19.1271	8.44159
19.1326	8.44136
19.1399	8.44106
19.1454	8.44083
19.1527	8.44053
19.1581	8.44031
19.1654	8.44001
19.1709	8.43978
19.1782	8.43948
19.1837	8.43926
19.191	8.43896
19.1964	8.43873
19.2037	8.43844
19.2092	8.43821
19.2147	8.43799
19.222	8.4377
19.2275	8.43748
19.2349	8.43719
19.2404	8.43698
19.2477	8.43669
19.2533	8.43648
19.2588	8.43627
19.2662	8.43599
19.2717	8.43578
19.2791	8.43551
19.2847	8.4353
19.2903	8.4351
19.2977	8.43484
19.3033	8.43464
19.3089	8.43445
19.3163	8.43419
19.322	8.434
19.3295	8.43375
19.3351	8.43356
19.3407	8.43337
19.3482	8.43313
19.3539	8.43295
19.3595	8.43277
19.3671	8.43253
19.3728	8.43235
19.3784	8.43218
19.386	8.43194
19.3917	8.43177
19.3974	8.4316
19.405	8.43138
19.4107	8.43121
19.4164	8.43104
19.4241	8.43082
19.4298	8.43066
19.4355	8.4305
19.4413	8.43034
19.4489	8.43012
19.4547	8.42997
19.4604	8.42981
19.4681	8.4296
19.4738	8.42945
19.4796	8.42929
19.4873	8.42909
19.4931	8.42894
19.4989	8.42879
19.5046	8.42864
19.5124	8.42844
19.5182	8.4283
19.524	8.42815
19.5317	8.42796
19.5375	8.42781
19.5433	8.42767
19.5491	8.42752
19.5569	8.42734
19.5627	8.42719
19.5685	8.42705
19.5743	8.42691
19.5821	8.42673
19.5879	8.42659
19.5938	8.42645
19.6015	8.42627
19.6074	8.42613
19.6132	8.426
19.6191	8.42586
19.6268	8.42568
19.6327	8.42555
19.6385	8.42541
19.6444	8.42528
19.6522	8.4251
19.658	8.42497
19.6639	8.42484
19.6717	8.42466
19.6775	8.42453
19.6834	8.4244
19.6893	8.42427
19.6971	8.42409
19.7029	8.42396
19.7088	8.42383
19.7146	8.4237
19.7225	8.42352
19.7283	8.42339
19.7342	8.42326
19.742	8.42309
19.7478	8.42296
19.7537	8.42282
19.7596	8.42269
19.7674	8.42252
19.7732	8.42239
19.7791	8.42226
19.7849	8.42212
19.7927	8.42195
19.7986	8.42182
19.8045	8.42168
19.8123	8.42151
19.8181	8.42137
19.824	8.42124
19.8298	8.42111
19.8376	8.42093
19.8434	8.42079
19.8493	8.42066
19.8551	8.42052
19.8629	8.42034
19.8687	8.4202
19.8746	8.42006
19.8823	8.41988
19.8882	8.41974
19.894	8.4196
19.8998	8.41946
19.9076	8.41928
19.9134	8.41914
19.9192	8.419
19.927	8.41881
19.9328	8.41867
19.9386	8.41852
19.9444	8.41838
19.9521	8.41819
19.9579	8.41805
19.9638	8.4179
19.9715	8.41771
19.9773	8.41756
19.9831	8.41742
19.9889	8.41727
19.9966	8.41708
20.0024	8.41693
20.0082	8.41678
20.0159	8.41659
20.0217	8.41644
20.0275	8.41629
20.0352	8.41609
20.041	8.41595
20.0468	8.4158
20.0545	8.4156
20.0603	8.41545
20.0661	8.4153
20.0718	8.41515
20.0795	8.41495
20.0853	8.4148
20.0911	8.41465
20.0988	8.41444
20.1046	8.41429
20.1103	8.41414
20.118	8.41394
20.1238	8.41378
20.1296	8.41363
20.1373	8.41343
20.143	8.41327
20.1488	8.41312
20.1565	8.41292
20.1622	8.41276
20.168	8.41261
20.1757	8.4124
20.1814	8.41225
20.1872	8.41209
20.1949	8.41189
20.2006	8.41173
20.2064	8.41158
20.2141	8.41137
20.2198	8.41121
20.2256	8.41106
20.2333	8.41085
20.239	8.4107
20.2448	8.41054
20.2525	8.41033
20.2582	8.41018
20.264	8.41002
20.2697	8.40986
20.2774	8.40965
20.2832	8.4095
20.2889	8.40934
20.2966	8.40913
20.3023	8.40898
20.3081	8.40882
20.3158	8.40861
20.3215	8.40845
20.3273	8.4083
20.335	8.40809
20.3407	8.40793
20.3484	8.40772
20.3541	8.40757
20.3599	8.40741
20.3676	8.4072
20.3733	8.40704
20.3791	8.40689
20.3868	8.40668
20.3925	8.40652
20.3983	8.40637
20.4059	8.40616
20.4117	8.406
20.4175	8.40585
20.4232	8.40569
20.4309	8.40548
20.4367	8.40533
20.4424	8.40517
20.4501	8.40496
20.4559	8.40481
20.4616	8.40465
20.4693	8.40445
20.4751	8.40429
20.4808	8.40414
20.4885	8.40393
20.4943	8.40377
20.5	8.40362
20.5077	8.40341
20.5135	8.40326
20.5193	8.40311
20.527	8.4029
20.5327	8.40275
20.5385	8.40259
20.5462	8.40239
20.5519	8.40223
20.5577	8.40208
20.5654	8.40187
20.5712	8.40172
20.577	8.40157
20.5846	8.40136
20.5904	8.40121
20.5962	8.40106
20.6039	8.40085
20.6097	8.4007
20.6154	8.40055
20.6231	8.40035
20.6289	8.40019
20.6366	8.39999
20.6424	8.39984
20.6482	8.39969
20.6539	8.39953
20.6616	8.39933
20.6674	8.39918
20.6732	8.39903
20.6809	8.39883
20.6867	8.39867
20.6924	8.39852
20.6982	8.39837
20.7059	8.39817
20.7117	8.39802
20.7194	8.39782
20.7252	8.39767
20.731	8.39752
20.7368	8.39736
20.7445	8.39716
20.7502	8.39701
20.7579	8.39681
20.7637	8.39666
20.7695	8.39651
20.7772	8.39631
20.783	8.39616
20.7888	8.39601
20.7946	8.39586
20.8023	8.39566
20.808	8.39551
20.8138	8.39536
20.8215	8.39516
20.8273	8.39501
20.8331	8.39486
20.8408	8.39467
20.8466	8.39452
20.8524	8.39437
20.8601	8.39417
20.8659	8.39402
20.8717	8.39387
20.8794	8.39367
20.8851	8.39352
20.8909	8.39338
20.8986	8.39318
20.9044	8.39303
20.9102	8.39288
20.916	8.39273
20.9237	8.39253
20.9295	8.39239
20.9353	8.39224
20.943	8.39204
20.9488	8.39189
20.9545	8.39175
20.9623	8.39155
20.968	8.3914
20.9738	8.39125
20.9815	8.39106
20.9873	8.39091
20.9931	8.39076
21.0008	8.39057
21.0066	8.39042
21.0124	8.39027
21.0201	8.39008
21.0259	8.38993
21.0316	8.38978
21.0394	8.38958
21.0451	8.38944
21.0509	8.38929
21.0567	8.38914
21.0644	8.38895
21.0702	8.3888
21.076	8.38866
21.0837	8.38846
21.0895	8.38831
21.0952	8.38817
21.1029	8.38797
21.1087	8.38783
21.1145	8.38768
21.1222	8.38748
21.128	8.38734
21.1338	8.38719
21.1415	8.387
21.1473	8.38685
21.153	8.3867
21.1607	8.38651
21.1665	8.38636
21.1723	8.38621
21.18	8.38602
21.1858	8.38587
21.1916	8.38572
21.1993	8.38553
21.2051	8.38538
21.2108	8.38523
21.2166	8.38509
21.2243	8.38489
21.2301	8.38474
21.2359	8.3846
21.2436	8.3844
21.2494	8.38425
21.2551	8.3841
21.2628	8.38391
21.2686	8.38376
21.2744	8.38361
21.2821	8.38341
21.2879	8.38326
21.2936	8.38312
21.3014	8.38292
21.3071	8.38277
21.3129	8.38262
21.3206	8.38242
21.3264	8.38227
21.3322	8.38212
21.3399	8.38192
21.3456	8.38177
21.3514	8.38162
21.3572	8.38147
21.3649	8.38127
21.3707	8.38112
21.3764	8.38097
21.3841	8.38077
21.3899	8.38062
21.3957	8.38047
21.4034	8.38026
21.4092	8.38011
21.4149	8.37996
21.4226	8.37975
21.4284	8.3796
21.4342	8.37945
21.4419	8.37924
21.4477	8.37909
21.4554	8.37889
21.4611	8.37873
21.4669	8.37858
21.4727	8.37842
21.4785	8.37827
21.4862	8.37806
21.4919	8.3779
21.4977	8.37775
21.5054	8.37754
21.5112	8.37738
21.5169	8.37723
21.5246	8.37702
21.5304	8.37686
21.5362	8.3767
21.542	8.37654
21.5497	8.37633
21.5554	8.37617
21.5612	8.37601
21.5689	8.3758
21.5747	8.37564
21.5804	8.37548
21.5881	8.37526
21.5939	8.3751
21.5997	8.37494
21.6074	8.37473
21.6131	8.37456
21.6189	8.3744
21.6266	8.37418
21.6324	8.37402
21.6382	8.37386
21.6439	8.37369
21.6516	8.37347
21.6574	8.37331
21.6632	8.37314
21.6709	8.37292
21.6766	8.37276
21.6824	8.37259
21.6901	8.37237
21.6959	8.3722
21.7016	8.37204
21.7093	8.37182
21.7151	8.37165
21.7209	8.37148
21.7286	8.37126
21.7343	8.3711
21.7401	8.37093
21.7478	8.37071
21.7536	8.37054
21.7593	8.37038
21.767	8.37016
21.7728	8.36999
21.7786	8.36983
21.7863	8.36961
21.792	8.36944
21.7978	8.36928
21.8055	8.36906
21.8113	8.36889
21.817	8.36873
21.8228	8.36856
21.8305	8.36835
21.8363	8.36818
21.8421	8.36802
21.8498	8.3678
21.8555	8.36764
21.8613	8.36748
21.869	8.36726
21.8748	8.3671
21.8805	8.36694
21.8882	8.36673
21.894	8.36657
21.8998	8.36641
21.9075	8.3662
21.9133	8.36604
21.921	8.36584
21.9248	8.36573
21.9325	8.36552
21.9383	8.36537
21.9441	8.36522
21.9518	8.36501
21.9575	8.36486
21.9633	8.36471
21.971	8.36451
21.9768	8.36436
21.9826	8.36421
21.9883	8.36406
21.9961	8.36386
22.0018	8.36371
22.0076	8.36357
22.0153	8.36338
22.0211	8.36323
22.0269	8.36309
22.0346	8.3629
22.0404	8.36276
22.0461	8.36262
22.0519	8.36248
22.0596	8.3623
22.0654	8.36216
22.0712	8.36202
22.0789	8.36185
22.0847	8.36171
22.0905	8.36158
22.0963	8.36145
22.104	8.36128
22.1098	8.36115
22.1156	8.36102
22.1233	8.36085
22.1291	8.36073
22.1348	8.36061
22.1406	8.36048
22.1484	8.36032
22.1541	8.36021
22.1599	8.36009
22.1677	8.35993
22.1734	8.35982
22.1792	8.35971
22.185	8.35959
22.1928	8.35945
22.1985	8.35934
22.2043	8.35923
22.2101	8.35913
22.2179	8.35899
22.2237	8.35888
22.2294	8.35878
22.2372	8.35865
22.243	8.35855
22.2488	8.35845
22.2546	8.35835
22.2623	8.35822
22.2681	8.35812
22.2739	8.35802
22.2816	8.3579
22.2874	8.3578
22.2932	8.35771
22.301	8.35758
22.3068	8.35748
22.3125	8.35739
22.3183	8.35729
22.3261	8.35717
22.3319	8.35707
22.3377	8.35698
22.3454	8.35685
22.3512	8.35675
22.357	8.35666
22.3647	8.35653
22.3705	8.35643
22.3763	8.35633
22.3821	8.35623
22.3899	8.3561
22.3956	8.356
22.4014	8.3559
22.4092	8.35576
22.415	8.35565
22.4208	8.35555
22.4266	8.35544
22.4343	8.3553
22.4401	8.35519
22.4459	8.35508
22.4536	8.35493
22.4594	8.35481
22.4652	8.3547
22.471	8.35458
22.4787	8.35442
22.4845	8.35429
22.4902	8.35417
22.496	8.35404
22.5037	8.35387
22.5095	8.35374
22.5153	8.35361
22.5211	8.35347
22.5288	8.35328
22.5346	8.35314
22.5404	8.353
22.5461	8.35285
22.5538	8.35265
22.5596	8.3525
22.5654	8.35234
22.5712	8.35219
22.5789	8.35197
22.5846	8.3518
22.5904	8.35163
22.5962	8.35146
22.6039	8.35123
22.6096	8.35105
22.6154	8.35087
22.6212	8.35068
22.6269	8.35049
22.6346	8.35023
22.6404	8.35003
22.6461	8.34983
22.6519	8.34963
22.6595	8.34935
22.6653	8.34913
22.671	8.34891
22.6768	8.34869
22.6825	8.34846
22.6902	8.34815
22.6959	8.34791
22.7017	8.34767
22.7074	8.34743
22.7151	8.34709
22.7208	8.34684
22.7265	8.34658
22.7323	8.34631
22.738	8.34604
22.7456	8.34567
22.7514	8.34539
22.7571	8.3451
22.7628	8.34481
22.7685	8.34451
22.7762	8.34411
22.7819	8.3438
22.7876	8.34348
22.7933	8.34317
22.799	8.34284
22.8066	8.3424
22.8123	8.34207
22.818	8.34174
22.8237	8.3414
22.8313	8.34094
22.837	8.34059
22.8427	8.34024
22.8503	8.33978
22.856	8.33942
22.8617	8.33907
22.8674	8.33871
22.875	8.33823
22.8807	8.33787
22.8864	8.33751
22.894	8.33703
22.8997	8.33667
22.9073	8.33619
22.913	8.33583
22.9187	8.33547
22.9263	8.335
22.932	8.33464
22.9377	8.33429
22.9434	8.33393
22.951	8.33347
22.9567	8.33312
22.9624	8.33277
22.97	8.33232
22.9757	8.33198
22.9814	8.33165
22.9871	8.33132
22.9947	8.33088
23.0004	8.33056
23.0061	8.33024
23.0119	8.32993
23.0176	8.32963
23.0252	8.32923
23.0309	8.32893
23.0366	8.32865
23.0424	8.32836
23.0481	8.32809
23.0557	8.32773
23.0615	8.32747
23.0672	8.32722
23.0729	8.32697
23.0787	8.32674
23.0844	8.32651
23.0902	8.32629
23.0959	8.32607
23.1017	8.32587
23.1094	8.32561
23.1151	8.32543
23.1209	8.32525
23.1267	8.32509
23.1325	8.32494
23.1382	8.32479
23.144	8.32466
23.1498	8.32454
23.1556	8.32443
23.1614	8.32433
23.1672	8.32424
23.173	8.32416
23.1788	8.32409
23.1846	8.32404
23.1904	8.324
23.1963	8.32397
23.2021	8.32396
23.2079	8.32396
23.2138	8.32397
23.2196	8.32399
23.2255	8.32403
23.2294	8.32407
23.2352	8.32413
23.2411	8.32421
23.2489	8.32433
23.2528	8.32441
23.2587	8.32453
23.2646	8.32467
23.2705	8.32482
23.2764	8.32499
23.2803	8.32511
23.2863	8.32531
23.2922	8.32552
23.2981	8.32576
23.304	8.326
23.31	8.32627
23.3139	8.32646
23.3199	8.32675
23.3258	8.32706
23.3318	8.3274
23.3378	8.32775
23.3418	8.32799
23.3477	8.32837
23.3537	8.32877
23.3597	8.32919
23.3637	8.32949
23.3697	8.32994
23.3758	8.33041
23.3818	8.33091
23.3858	8.33125
23.3918	8.33178
23.3979	8.33232
23.4039	8.33289
23.4079	8.33329
23.414	8.33389
23.42	8.33452
23.4261	8.33517
23.4301	8.33561
23.4362	8.3363
23.4402	8.33677
23.4462	8.3375
23.4523	8.33824
23.4563	8.33875
23.4624	8.33954
23.4684	8.34035
23.4724	8.3409
23.4785	8.34175
23.4845	8.34262
23.4885	8.34322
23.4946	8.34413
23.5006	8.34507
23.5046	8.3457
23.5106	8.34668
23.5166	8.34769
23.5206	8.34837
23.5266	8.34942
23.5306	8.35013
23.5366	8.35122
23.5406	8.35196
23.5466	8.35309
23.5525	8.35425
23.5565	8.35504
23.5624	8.35624
23.5664	8.35706
23.5723	8.35831
23.5763	8.35916
23.5822	8.36045
23.5861	8.36133
23.592	8.36267
23.5978	8.36404
23.6017	8.36497
23.6076	8.36639
23.6115	8.36735
23.6173	8.36881
23.6212	8.36981
23.6269	8.37132
23.6308	8.37235
23.6366	8.37391
23.6404	8.37497
23.6461	8.37658
23.6499	8.37767
23.6556	8.37933
23.6594	8.38046
23.6651	8.38217
23.6707	8.38392
23.6745	8.3851
23.6782	8.38629
23.6819	8.3875
23.6875	8.38934
23.6912	8.39058
23.6949	8.39184
23.6986	8.39311
23.7041	8.39505
23.7077	8.39635
23.7114	8.39767
23.715	8.39901
23.7186	8.40036
23.7223	8.40173
23.7259	8.40311
23.7294	8.4045
23.733	8.40591
23.7366	8.40734
23.7401	8.40878
23.7437	8.41023
23.7472	8.4117
23.7507	8.41319
23.7542	8.41469
23.7577	8.41621
23.7612	8.41774
23.7629	8.41851
23.7663	8.42006
23.7698	8.42163
23.7732	8.42322
23.7766	8.42482
23.78	8.42644
23.7834	8.42807
23.7867	8.42972
23.7901	8.43138
23.7934	8.43306
23.7968	8.43476
23.7984	8.43561
23.8017	8.43733
23.805	8.43907
23.8083	8.44082
23.8115	8.44259
23.8147	8.44438
23.818	8.44618
23.8212	8.448
23.8228	8.44892
23.8259	8.45076
23.8291	8.45262
23.8322	8.4545
23.8354	8.45639
23.8385	8.4583
23.8416	8.46023
23.8431	8.4612
23.8462	8.46315
23.8492	8.46512
23.8522	8.46711
23.8552	8.46912
23.8582	8.47114
23.8597	8.47216
23.8627	8.4742
23.8656	8.47627
23.8686	8.47835
23.8715	8.48045
23.8729	8.48151
23.8758	8.48364
23.8786	8.48578
23.8815	8.48795
23.8829	8.48903
23.8857	8.49122
23.8885	8.49343
23.8913	8.49566
23.894	8.4979
23.8954	8.49903
23.8981	8.5013
23.9008	8.50359
23.9035	8.5059
23.9048	8.50706
23.9074	8.50939
23.9101	8.51174
23.9127	8.51412
23.914	8.51531
23.9165	8.51771
23.9191	8.52012
23.9216	8.52256
23.9241	8.52501
23.9254	8.52625
23.9278	8.52873
23.9303	8.53122
23.9315	8.53248
23.934	8.535
23.9364	8.53754
23.9388	8.5401
23.9411	8.54268
23.9423	8.54397
23.9447	8.54657
23.947	8.54919
23.9493	8.55182
23.9516	8.55448
23.9538	8.55714
23.9561	8.55983
23.9572	8.56118
23.9595	8.56388
23.9617	8.56661
23.9639	8.56935
23.966	8.57211
23.9682	8.57488
23.9704	8.57767
23.9714	8.57907
23.9735	8.58188
23.9757	8.58471
23.9777	8.58755
23.9798	8.59041
23.9819	8.59328
23.9839	8.59617
23.986	8.59908
23.988	8.602
23.99	8.60493
23.992	8.60788
23.9939	8.61084
23.9959	8.61382
23.9979	8.61681
23.9998	8.61981
24.0017	8.62283
24.0036	8.62587
24.0055	8.62892
24.0074	8.63198
24.0093	8.63505
24.0111	8.63814
24.013	8.64124
24.0148	8.64436
24.0166	8.64749
24.0184	8.65063
24.0202	8.65379
24.022	8.65696
24.0238	8.66014
24.0265	8.66494
24.0282	8.66815
24.03	8.67137
24.0326	8.67624
24.0351	8.68113
24.0369	8.6844
24.0394	8.68934
24.0419	8.6943
24.0436	8.69762
24.0461	8.70263
24.0486	8.70766
24.0502	8.71103
24.0526	8.7161
24.0551	8.7212
24.0575	8.72632
24.0591	8.72975
24.0615	8.73491
24.0639	8.7401
24.0662	8.7453
24.0686	8.75054
24.0702	8.75404
24.0733	8.76107
24.0748	8.7646
24.0771	8.76991
24.0794	8.77524
24.0817	8.7806
24.084	8.78597
24.0863	8.79136
24.0886	8.79678
24.0909	8.80221
24.0924	8.80584
24.0947	8.81131
24.0977	8.81863
24.0999	8.82413
24.1022	8.82966
24.1044	8.8352
24.1067	8.84076
24.1082	8.84447
24.1112	8.85193
24.1127	8.85566
24.1157	8.86316
24.118	8.8688
24.1203	8.87445
24.1225	8.88012
24.1248	8.8858
24.1271	8.89149
24.1294	8.8972
24.1317	8.90292
24.1347	8.91057
24.137	8.91632
24.1394	8.92208
24.1417	8.92786
24.144	8.93364
24.1456	8.93751
24.1479	8.94331
24.1503	8.94912
24.1527	8.95494
24.1551	8.96078
24.1575	8.96662
24.1599	8.97247
24.1616	8.97637
24.164	8.98223
24.1665	8.98811
24.169	8.99398
24.1706	8.99791
24.1732	9.0038
24.1757	9.00969
24.1783	9.0156
24.18	9.01954
24.1826	9.02545
24.1852	9.03136
24.1869	9.03531
24.1896	9.04123
24.1922	9.04716
24.194	9.05111
24.1967	9.05704
24.1994	9.06297
24.2012	9.06692
24.204	9.07285
24.2067	9.07878
24.2085	9.08273
24.2113	9.08866
24.2141	9.09458
24.216	9.09853
24.2188	9.10444
24.2206	9.10838
24.2235	9.11429
24.2263	9.12019
24.2292	9.12609
24.2311	9.13001
24.2339	9.1359
24.2368	9.14177
24.2387	9.14568
24.2416	9.15154
24.2445	9.15739
24.2474	9.16322
24.2494	9.16711
24.2523	9.17293
24.2542	9.1768
24.2582	9.18452
24.2601	9.18837
24.263	9.19414
24.266	9.19989
24.268	9.20372
24.2709	9.20944
24.2738	9.21515
24.2768	9.22083
24.2798	9.2265
24.2827	9.23215
24.2847	9.23591
24.2876	9.24152
24.2906	9.24712
24.2935	9.25269
24.2965	9.25824
24.2985	9.26193
24.3024	9.26927
24.3044	9.27292
24.3073	9.27839
24.3102	9.28382
24.3132	9.28923
24.3161	9.29461
24.319	9.29996
24.3219	9.30529
24.3248	9.31058
24.3278	9.31584
24.3306	9.32108
24.3335	9.32628
24.3364	9.33145
24.3393	9.33658
24.3421	9.34169
24.345	9.34676
24.3478	9.35179
24.3516	9.35844
24.3544	9.36339
24.3572	9.3683
24.36	9.37318
24.3627	9.37801
24.3664	9.38439
24.3691	9.38914
24.3719	9.39384
24.3755	9.40004
24.3781	9.40464
24.3808	9.4092
24.3843	9.4152
24.3869	9.41966
24.3904	9.42552
24.393	9.42987
24.3964	9.43559
24.3989	9.43982
24.4022	9.44539
24.4055	9.45087
24.408	9.45492
24.4112	9.46024
24.4143	9.46547
24.4175	9.4706
24.4206	9.47563
24.4236	9.48057
24.4266	9.48541
24.4302	9.49131
24.4331	9.49591
24.4359	9.50041
24.4394	9.50588
24.4421	9.51014
24.4453	9.5153
24.4479	9.51931
24.451	9.52415
24.4541	9.52882
24.4576	9.5342
24.4604	9.5385
24.4637	9.54347
24.4668	9.54822
24.4699	9.55278
24.4733	9.55787
24.4769	9.56339
24.4804	9.56865
24.4833	9.57304
24.4861	9.57726
24.4884	9.58075
24.4902	9.58359
24.4919	9.58636
24.4936	9.58908
24.4952	9.59175
24.4965	9.59385
24.4977	9.59594
24.4989	9.598
24.5004	9.60056
24.5012	9.60208
24.5023	9.60411
24.5033	9.60613
24.5041	9.60765
24.5051	9.60967
24.5058	9.61119
24.5068	9.61322
24.5075	9.61475
24.5082	9.61628
24.5088	9.61783
24.5097	9.61991
24.5103	9.62148
24.5109	9.62307
24.5115	9.62467
24.5121	9.62629
24.5127	9.62793
24.5135	9.63015
24.514	9.63183
24.5146	9.63354
24.5151	9.63528
24.5158	9.63763
24.5163	9.63943
24.5168	9.64126
24.5173	9.64312
24.5179	9.64566
24.5184	9.6476
24.519	9.65024
24.5194	9.65227
24.52	9.65503
24.5206	9.65787
24.5211	9.66005
24.5216	9.66303
24.5222	9.6661
24.5227	9.66925
24.5231	9.67167
24.5237	9.67498
24.5242	9.67839
24.5247	9.6819
24.5252	9.68552
24.5258	9.68924
24.5263	9.69308
24.5269	9.69804
24.5276	9.70318
24.5282	9.70852
24.5288	9.71294
24.5294	9.71864
24.5301	9.72456
24.5306	9.72945
24.5313	9.73577
24.5319	9.74099
24.5326	9.74774
24.5332	9.7533
24.5338	9.75901
24.5344	9.76486
24.535	9.77086
24.5356	9.777
24.5362	9.78328
24.5369	9.78969
24.5375	9.79623
24.5382	9.80291
24.5386	9.808
24.5393	9.81489
24.5398	9.82014
24.5405	9.82725
24.541	9.83266
24.5417	9.83998
24.5422	9.84554
24.5427	9.85116
24.5434	9.85875
24.544	9.86452
24.5445	9.87034
24.5451	9.87623
24.5458	9.88416
24.5463	9.89018
24.5469	9.89625
24.5474	9.90237
24.548	9.90855
24.5486	9.91477
24.5491	9.92105
24.5497	9.92738
24.5503	9.93375
24.5508	9.94018
24.5514	9.94665
24.552	9.95316
24.5526	9.95972
24.553	9.96411
24.5536	9.97074
24.5541	9.97741
24.5547	9.98412
24.5553	9.99087
24.5557	9.99539
24.5563	10.0022
24.5569	10.009
24.5575	10.0159
24.5581	10.0228
24.5585	10.0275
24.5591	10.0344
24.5597	10.0414
24.5604	10.0485
24.5608	10.0532
24.5614	10.0602
24.562	10.0673
24.5624	10.0721
24.563	10.0792
24.5636	10.0864
24.5641	10.0912
24.5647	10.0984
24.5653	10.1056
24.5657	10.1105
24.5663	10.1177
24.5668	10.1226
24.5674	10.1299
24.568	10.1372
24.5684	10.1421
24.5691	10.1494
24.5695	10.1543
24.5701	10.1617
24.5708	10.169
24.5712	10.1739
24.5718	10.1813
24.5722	10.1863
24.5729	10.1937
24.5735	10.2011
24.5739	10.206
24.5746	10.2134
24.575	10.2184
24.5756	10.2258
24.576	10.2307
24.5767	10.2382
24.5773	10.2456
24.5777	10.2505
24.5784	10.258
24.5788	10.2629
24.5794	10.2703
24.5798	10.2753
24.5805	10.2827
24.5811	10.2901
24.5815	10.295
24.5822	10.3024
24.5826	10.3073
24.5832	10.3147
24.5839	10.3221
24.5843	10.327
24.5849	10.3343
24.5853	10.3392
24.586	10.3466
24.5866	10.3539
24.587	10.3587
24.5876	10.366
24.5881	10.3709
24.5887	10.3781
24.5893	10.3854
24.5897	10.3902
24.5903	10.3974
24.591	10.4045
24.5914	10.4093
24.592	10.4164
24.5926	10.4236
24.593	10.4283
24.5936	10.4354
24.5942	10.4424
24.5946	10.4471
24.5953	10.4541
24.5959	10.4611
24.5965	10.4681
24.5969	10.4728
24.5975	10.4797
24.5981	10.4866
24.5987	10.4935
24.5991	10.4981
24.5997	10.505
24.6003	10.5119
24.6009	10.5187
24.6013	10.5232
24.6019	10.53
24.6025	10.5368
24.6031	10.5436
24.6037	10.5504
24.6043	10.5571
24.6049	10.5638
24.6053	10.5683
24.6059	10.575
24.6064	10.5817
24.607	10.5883
24.6076	10.595
24.6082	10.6016
24.6088	10.6082
24.6092	10.6126
24.6098	10.6192
24.6103	10.6258
24.6109	10.6324
24.6115	10.6389
24.6121	10.6455
24.6127	10.652
24.6133	10.6585
24.6138	10.665
24.6144	10.6715
24.615	10.678
24.6156	10.6845
24.6161	10.6909
24.6165	10.6952
24.6171	10.7017
24.6177	10.7081
24.6183	10.7145
24.6188	10.7209
24.6194	10.7274
24.62	10.7337
24.6205	10.7401
24.6211	10.7465
24.6217	10.7529
24.6223	10.7592
24.6228	10.7656
24.6234	10.7719
24.624	10.7783
24.6245	10.7846
24.6251	10.7909
24.6257	10.7973
24.6262	10.8036
24.6268	10.8099
24.6276	10.8183
24.6279	10.8225
24.6285	10.8288
24.6293	10.8372
24.6298	10.8435
24.6304	10.8497
24.631	10.856
24.6315	10.8623
24.6321	10.8686
24.6326	10.8748
24.6332	10.8811
24.6338	10.8874
24.6343	10.8936
24.6349	10.8999
24.6355	10.9062
24.636	10.9124
24.6366	10.9187
24.6372	10.9249
24.6377	10.9312
24.6383	10.9375
24.6389	10.9437
24.6396	10.9521
24.6402	10.9583
24.6407	10.9646
24.6413	10.9709
24.6419	10.9771
24.6424	10.9834
24.643	10.9897
24.6436	10.996
24.6441	11.0023
24.6447	11.0085
24.6453	11.0148
24.6458	11.0211
24.6464	11.0274
24.647	11.0337
24.6475	11.04
24.6481	11.0463
24.6487	11.0527
24.6492	11.059
24.6498	11.0653
24.6504	11.0717
24.6509	11.078
24.6515	11.0844
24.6521	11.0907
24.6526	11.0971
24.6532	11.1034
24.6538	11.1098
24.6544	11.1162
24.6549	11.1226
24.6555	11.129
24.6561	11.1354
24.6566	11.1418
24.6572	11.1482
24.6578	11.1546
24.6584	11.161
24.6589	11.1674
24.6595	11.1738
24.6601	11.1803
24.6607	11.1867
24.6612	11.1931
24.6618	11.1996
24.6624	11.206
24.663	11.2125
24.6633	11.2168
24.6641	11.2254
24.6645	11.2297
24.6653	11.2383
24.6658	11.2448
24.6664	11.2513
24.667	11.2578
24.6674	11.2621
24.668	11.2686
24.6685	11.2751
24.6691	11.2816
24.6697	11.2881
24.6703	11.2946
24.6709	11.3011
24.6714	11.3076
24.672	11.3141
24.6726	11.3206
24.673	11.3249
24.6738	11.3336
24.6743	11.3401
24.6749	11.3467
24.6755	11.3532
24.6759	11.3575
24.6765	11.3641
24.677	11.3706
24.6776	11.3772
24.6782	11.3837
24.6788	11.3902
24.6794	11.3968
24.6799	11.4033
24.6805	11.4099
24.6811	11.4164
24.6815	11.4208
24.6823	11.4295
24.6827	11.4339
24.6832	11.4405
24.6838	11.447
24.6844	11.4536
24.685	11.4601
24.6856	11.4667
24.6862	11.4733
24.6867	11.4798
24.6873	11.4864
24.6879	11.4929
24.6885	11.4995
24.6891	11.5061
24.6895	11.5105
24.69	11.517
24.6906	11.5236
24.6912	11.5302
24.6918	11.5367
24.6924	11.5433
24.693	11.5499
24.6935	11.5565
24.6941	11.563
24.6947	11.5696
24.6951	11.574
24.6957	11.5806
24.6963	11.5871
24.6968	11.5937
24.6974	11.6003
24.698	11.6069
24.6986	11.6134
24.6992	11.62
24.6998	11.6266
24.7001	11.6309
24.7007	11.6375
24.7015	11.6463
24.7019	11.6507
24.7025	11.6572
24.7031	11.6638
24.7036	11.6703
24.7042	11.6769
24.7048	11.6835
24.7054	11.69
24.706	11.6966
24.7066	11.7032
24.7071	11.7097
24.7077	11.7163
24.7081	11.7206
24.7087	11.7272
24.7093	11.7337
24.7099	11.7403
24.7104	11.7468
24.711	11.7534
24.7116	11.7599
24.7122	11.7665
24.7128	11.773
24.7133	11.7796
24.7139	11.7861
24.7145	11.7926
24.7151	11.7992
24.7155	11.8035
24.7161	11.8101
24.7166	11.8166
24.7172	11.8231
24.7178	11.8296
24.7184	11.8362
24.719	11.8427
24.7195	11.8492
24.7201	11.8558
24.7207	11.8623
24.7213	11.8688
24.7219	11.8753
24.7222	11.8797
24.7228	11.8862
24.7234	11.8927
24.724	11.8992
24.7246	11.9057
24.7251	11.9123
24.7257	11.9188
24.7263	11.9253
24.7269	11.9318
24.7275	11.9383
24.728	11.9448
24.7286	11.9513
24.7292	11.9578
24.7298	11.9643
24.7302	11.9687
24.7309	11.9773
24.7315	11.9839
24.7319	11.9882
24.7325	11.9947
24.7331	12.0012
24.7336	12.0077
24.7342	12.0142
24.7348	12.0207
24.7354	12.0272
24.736	12.0337
24.7365	12.0402
24.7371	12.0467
24.7377	12.0532
24.7383	12.0597
24.7388	12.0662
24.7394	12.0727
24.7398	12.077
24.7406	12.0857
24.741	12.09
24.7417	12.0987
24.7423	12.1051
24.7427	12.1095
24.7433	12.116
24.7439	12.1225
24.7444	12.129
24.745	12.1354
24.7456	12.1419
24.7462	12.1484
24.7468	12.1549
24.7473	12.1614
24.7479	12.1679
24.7485	12.1744
24.7491	12.1809
24.7496	12.1874
24.75	12.1917
24.7506	12.1982
24.7514	12.2068
24.752	12.2133
24.7525	12.2198
24.7529	12.2241
24.7535	12.2306
24.7541	12.2371
24.7547	12.2436
24.7552	12.2501
24.7558	12.2566
24.7564	12.2631
24.757	12.2696
24.7575	12.2761
24.7581	12.2825
24.7587	12.289
24.7593	12.2955
24.7599	12.302
24.7604	12.3085
24.761	12.315
24.7616	12.3215
24.7622	12.328
24.7627	12.3345
24.7631	12.3388
24.7637	12.3453
24.7643	12.3518
24.7649	12.3583
24.7654	12.3648
24.766	12.3713
24.7666	12.3778
24.7672	12.3843
24.7678	12.3907
24.7683	12.3972
24.7689	12.4037
24.7695	12.4102
24.7701	12.4167
24.7707	12.4232
24.7712	12.4297
24.7718	12.4362
24.7722	12.4406
24.773	12.4492
24.7734	12.4536
24.7739	12.4601
24.7745	12.4666
24.7751	12.4731
24.7757	12.4796
24.7762	12.4861
24.7768	12.4926
24.7774	12.4991
24.778	12.5056
24.7786	12.5121
24.7791	12.5186
24.7797	12.5251
24.7803	12.5316
24.7807	12.5359
24.7815	12.5446
24.7818	12.5489
24.7826	12.5576
24.783	12.5619
24.7836	12.5684
24.7842	12.5749
24.7847	12.5814
24.7853	12.5879
24.7859	12.5944
24.7865	12.6009
24.7871	12.6075
24.7876	12.614
24.7882	12.6205
24.7888	12.627
24.7894	12.6335
24.7899	12.64
24.7903	12.6443
24.7911	12.653
24.7917	12.6595
24.7923	12.666
24.7927	12.6704
24.7932	12.6769
24.7938	12.6834
24.7944	12.6899
24.795	12.6964
24.7955	12.7029
24.7961	12.7094
24.7967	12.7159
24.7973	12.7224
24.7979	12.7289
24.7984	12.7354
24.799	12.742
24.7996	12.7485
24.8002	12.755
24.8008	12.7615
24.8013	12.768
24.8017	12.7723
24.8023	12.7789
24.8029	12.7854
24.8035	12.7919
24.804	12.7984
24.8046	12.8049
24.8052	12.8114
24.8058	12.8179
24.8064	12.8244
24.8069	12.8309
24.8075	12.8375
24.8079	12.8418
24.8087	12.8505
24.8091	12.8548
24.8098	12.8635
24.8104	12.87
24.8108	12.8743
24.8114	12.8809
24.812	12.8874
24.8125	12.8939
24.8131	12.9004
24.8137	12.9069
24.8143	12.9134
24.8149	12.9199
24.8154	12.9264
24.816	12.933
24.8166	12.9395
24.8172	12.946
24.8178	12.9525
24.8183	12.959
24.8189	12.9655
24.8193	12.9698
24.8199	12.9764
24.8205	12.9829
24.821	12.9894
24.8216	12.9959
24.8222	13.0024
24.8228	13.0089
24.8234	13.0154
24.8239	13.0219
24.8245	13.0284
24.8251	13.035
24.8257	13.0415
24.8263	13.048
24.8266	13.0523
24.8272	13.0588
24.828	13.0675
24.8284	13.0718
24.829	13.0784
24.8295	13.0849
24.8301	13.0914
24.8307	13.0979
24.8313	13.1044
24.8319	13.1109
24.8324	13.1174
24.833	13.1239
24.8336	13.1304
24.8342	13.1369
24.8348	13.1434
24.8353	13.15
24.8359	13.1565
24.8365	13.163
24.8371	13.1695
24.8375	13.1738
24.838	13.1803
24.8386	13.1868
24.8392	13.1933
24.8398	13.1998
24.8404	13.2064
24.8409	13.2129
24.8415	13.2194
24.8421	13.2259
24.8427	13.2324
24.8432	13.2389
24.8438	13.2454
24.8444	13.2519
24.845	13.2584
24.8456	13.2649
24.8461	13.2714
24.8467	13.2779
24.8471	13.2823
24.8477	13.2888
24.8483	13.2953
24.8488	13.3018
24.8494	13.3083
24.85	13.3148
24.8506	13.3213
24.8512	13.3278
24.8517	13.3343
24.8523	13.3408
24.8529	13.3473
24.8535	13.3538
24.8541	13.3603
24.8546	13.3669
24.8552	13.3734
24.8558	13.3799
24.8562	13.3842
24.8568	13.3907
24.8573	13.3972
24.8579	13.4037
24.8585	13.4102
24.8591	13.4167
24.8597	13.4232
24.8602	13.4297
24.8608	13.4362
24.8614	13.4428
24.862	13.4493
24.8626	13.4558
24.8631	13.4623
24.8637	13.4688
24.8643	13.4753
24.8649	13.4818
24.8654	13.4883
24.8658	13.4926
24.8664	13.4991
24.867	13.5056
24.8676	13.5121
24.8682	13.5187
24.8687	13.5252
24.8693	13.5317
24.8699	13.5382
24.8705	13.5447
24.871	13.5512
24.8716	13.5577
24.8722	13.5642
24.8728	13.5707
24.8734	13.5772
24.8739	13.5837
24.8745	13.5902
24.8749	13.5946
24.8755	13.6011
24.8761	13.6076
24.8766	13.6141
24.8772	13.6206
24.8778	13.6271
24.8784	13.6336
24.879	13.6401
24.8795	13.6466
24.8801	13.6531
24.8807	13.6596
24.8813	13.6661
24.8819	13.6726
24.8824	13.6791
24.883	13.6856
24.8836	13.6921
24.884	13.6965
24.8846	13.703
24.8851	13.7095
24.8857	13.716
24.8863	13.7225
24.8869	13.729
24.8875	13.7355
24.888	13.742
24.8886	13.7485
24.8892	13.755
24.8898	13.7615
24.8903	13.768
24.8909	13.7745
24.8915	13.7811
24.8921	13.7876
24.8925	13.7919
24.893	13.7984
24.8936	13.8049
24.8942	13.8114
24.8948	13.8179
24.8954	13.8244
24.8959	13.8309
24.8965	13.8374
24.8971	13.8439
24.8977	13.8505
24.8983	13.857
24.8988	13.8635
24.8994	13.87
24.9	13.8765
24.9006	13.883
24.9012	13.8895
24.9017	13.896
24.9021	13.9003
24.9027	13.9068
24.9033	13.9134
24.9039	13.9199
24.9044	13.9264
24.905	13.9329
24.9056	13.9394
24.9062	13.9459
24.9068	13.9524
