13.035	12.996
13.035	12.996
13.0411	12.9907
13.0471	12.9855
13.053	12.9803
13.053	12.9803
13.0589	12.9751
13.0648	12.97
13.0706	12.9649
13.0706	12.9649
13.0764	12.9598
13.0821	12.9547
13.0877	12.9497
13.0933	12.9447
13.0989	12.9397
13.0989	12.9397
13.1044	12.9348
13.1098	12.9299
13.1152	12.925
13.1206	12.9202
13.1206	12.9202
13.1259	12.9153
13.1311	12.9105
13.1363	12.9058
13.1415	12.901
13.1466	12.8963
13.1517	12.8917
13.1517	12.8917
13.1567	12.887
13.1617	12.8824
13.1666	12.8778
13.1714	12.8732
13.1763	12.8687
13.181	12.8642
13.1858	12.8597
13.1905	12.8552
13.1951	12.8508
13.1951	12.8508
13.1997	12.8464
13.2042	12.842
13.2087	12.8376
13.2132	12.8333
13.2176	12.829
13.222	12.8247
13.2263	12.8205
13.2306	12.8163
13.2348	12.8121
13.239	12.8079
13.2432	12.8038
13.2473	12.7996
13.2513	12.7955
13.2553	12.7915
13.2593	12.7874
13.2633	12.7834
13.2672	12.7794
13.271	12.7754
13.2748	12.7715
13.2786	12.7676
13.2823	12.7637
13.286	12.7598
13.2896	12.7559
13.2932	12.7521
13.2968	12.7483
13.3003	12.7445
13.3072	12.737
13.3106	12.7333
13.314	12.7296
13.3173	12.726
13.3206	12.7223
13.3239	12.7187
13.3271	12.7151
13.3302	12.7115
13.3365	12.7045
13.3395	12.701
13.3425	12.6975
13.3455	12.694
13.3485	12.6906
13.3514	12.6871
13.3571	12.6803
13.3599	12.677
13.3626	12.6736
13.3654	12.6703
13.3707	12.6638
13.3733	12.6605
13.3759	12.6573
13.3785	12.654
13.3835	12.6477
13.3859	12.6445
13.3884	12.6414
13.3908	12.6383
13.3954	12.6321
13.3977	12.629
13.4	12.626
13.4022	12.6229
13.4065	12.6169
13.4087	12.614
13.4108	12.611
13.4128	12.6081
13.4169	12.6023
13.4188	12.5994
13.4208	12.5965
13.4227	12.5937
13.4246	12.5909
13.4264	12.5881
13.4283	12.5853
13.43	12.5825
13.4318	12.5797
13.4335	12.577
13.4369	12.5715
13.4369	12.5715
13.4402	12.5662
13.4418	12.5635
13.4434	12.5609
13.4449	12.5582
13.4464	12.5556
13.4479	12.553
13.4494	12.5504
13.4522	12.5453
13.4536	12.5428
13.455	12.5402
13.4563	12.5377
13.4576	12.5352
13.4589	12.5328
13.4614	12.5278
13.4626	12.5254
13.4638	12.523
13.465	12.5206
13.4661	12.5182
13.4683	12.5134
13.4694	12.511
13.4704	12.5087
13.4715	12.5064
13.4725	12.504
13.4735	12.5017
13.4754	12.4972
13.4763	12.4949
13.4772	12.4926
13.478	12.4904
13.4789	12.4881
13.4806	12.4837
13.4813	12.4815
13.4821	12.4793
13.4829	12.4771
13.4843	12.4728
13.485	12.4707
13.4857	12.4685
13.4864	12.4664
13.487	12.4643
13.4882	12.4601
13.4888	12.458
13.4894	12.4559
13.4905	12.4518
13.491	12.4498
13.4915	12.4477
13.492	12.4457
13.4929	12.4417
13.4934	12.4397
13.4938	12.4377
13.4946	12.4337
13.495	12.4318
13.4954	12.4298
13.4961	12.4259
13.4964	12.424
13.4967	12.4221
13.4973	12.4182
13.4976	12.4163
13.4978	12.4144
13.4983	12.4106
13.4985	12.4088
13.4989	12.405
13.4991	12.4032
13.4995	12.3995
13.4996	12.3976
13.4999	12.394
13.5	12.3921
13.5003	12.3885
13.5004	12.3867
13.5005	12.3831
13.5007	12.3795
13.5007	12.3777
13.5008	12.3742
13.5008	12.3724
13.5009	12.3689
13.5009	12.3653
13.5009	12.3618
13.5009	12.3601
13.5008	12.3566
13.5008	12.3531
13.5007	12.3496
13.5006	12.3462
13.5005	12.3427
13.5003	12.3376
13.5	12.3324
13.4998	12.3273
13.4995	12.3221
13.4993	12.317
13.4989	12.3101
13.4986	12.305
13.4983	12.2981
13.4981	12.2929
13.498	12.2894
13.4978	12.2842
13.4977	12.2807
13.4976	12.2772
13.4975	12.2736
13.4975	12.2701
13.4975	12.2665
13.4975	12.263
13.4975	12.2612
13.4976	12.2576
13.4977	12.254
13.4977	12.2521
13.4978	12.2485
13.4979	12.2467
13.4981	12.243
13.4983	12.2393
13.4985	12.2374
13.4987	12.2337
13.4989	12.2318
13.4992	12.228
13.4994	12.2261
13.4998	12.2223
13.5	12.2203
13.5005	12.2165
13.5008	12.2145
13.501	12.2126
13.5013	12.2106
13.5019	12.2067
13.5023	12.2047
13.5029	12.2007
13.5033	12.1987
13.5037	12.1966
13.5041	12.1946
13.5049	12.1905
13.5053	12.1885
13.5058	12.1864
13.5068	12.1822
13.5072	12.1801
13.5078	12.178
13.5088	12.1738
13.5094	12.1716
13.5105	12.1674
13.5111	12.1652
13.5117	12.163
13.513	12.1587
13.5137	12.1565
13.5143	12.1543
13.5157	12.1498
13.5164	12.1476
13.5171	12.1454
13.5186	12.1409
13.5194	12.1386
13.5209	12.1341
13.5217	12.1318
13.5225	12.1295
13.5242	12.1249
13.5251	12.1226
13.5268	12.1179
13.5277	12.1156
13.5295	12.1109
13.5304	12.1085
13.5314	12.1062
13.5333	12.1014
13.5342	12.099
13.5362	12.0942
13.5372	12.0918
13.5393	12.087
13.5403	12.0845
13.5425	12.0797
13.5446	12.0747
13.5457	12.0723
13.548	12.0673
13.5502	12.0624
13.5526	12.0574
13.5549	12.0523
13.5561	12.0498
13.5586	12.0448
13.561	12.0397
13.5635	12.0346
13.5661	12.0294
13.5687	12.0243
13.57	12.0217
13.5726	12.0165
13.5753	12.0113
13.578	12.0061
13.5808	12.0008
13.5836	11.9955
13.585	11.9929
13.5878	11.9876
13.5907	11.9823
13.5936	11.9769
13.5951	11.9743
13.598	11.9689
13.601	11.9635
13.604	11.9581
13.6071	11.9527
13.6086	11.95
13.6117	11.9445
13.6149	11.9391
13.618	11.9336
13.6212	11.9281
13.6228	11.9254
13.6261	11.9199
13.6293	11.9143
13.6326	11.9088
13.6343	11.906
13.6376	11.9005
13.6409	11.8949
13.6443	11.8893
13.6477	11.8837
13.6494	11.8809
13.6528	11.8753
13.6563	11.8697
13.6598	11.8641
13.6615	11.8612
13.665	11.8556
13.6685	11.85
13.6721	11.8443
13.6756	11.8386
13.6792	11.8329
13.681	11.8301
13.6846	11.8244
13.6883	11.8187
13.6901	11.8159
13.6937	11.8102
13.6974	11.8045
13.7011	11.7987
13.7029	11.7959
13.7066	11.7902
13.7103	11.7844
13.7141	11.7787
13.7178	11.773
13.7197	11.7701
13.7234	11.7644
13.7272	11.7586
13.731	11.7529
13.7348	11.7472
13.7366	11.7443
13.7404	11.7386
13.7443	11.7328
13.7481	11.7271
13.75	11.7242
13.7538	11.7185
13.7576	11.7127
13.7615	11.707
13.7653	11.7012
13.7691	11.6955
13.7711	11.6926
13.7749	11.6869
13.7788	11.6812
13.7826	11.6755
13.7845	11.6726
13.7884	11.6669
13.7922	11.6612
13.7961	11.6555
13.8	11.6498
13.8038	11.6441
13.8057	11.6412
13.8096	11.6356
13.8134	11.6299
13.8173	11.6242
13.8211	11.6186
13.8249	11.6129
13.8288	11.6073
13.8326	11.6016
13.8345	11.5988
13.8383	11.5932
13.8421	11.5876
13.8459	11.582
13.8497	11.5764
13.8535	11.5709
13.8573	11.5653
13.861	11.5598
13.8629	11.557
13.8666	11.5515
13.8704	11.546
13.8741	11.5405
13.8778	11.535
13.8815	11.5295
13.8852	11.5241
13.8888	11.5186
13.8925	11.5132
13.8961	11.5078
13.8979	11.5051
13.9033	11.4971
13.9051	11.4944
13.9087	11.489
13.9123	11.4837
13.9158	11.4784
13.9193	11.4731
13.9228	11.4679
13.9263	11.4626
13.9297	11.4574
13.9332	11.4522
13.9366	11.447
13.9399	11.4419
13.9433	11.4367
13.9466	11.4316
13.9499	11.4265
13.9532	11.4215
13.9565	11.4164
13.9597	11.4114
13.9629	11.4064
13.9661	11.4014
13.9692	11.3965
13.9724	11.3916
13.9754	11.3867
13.9785	11.3818
13.9815	11.377
13.9845	11.3722
13.9875	11.3674
13.9904	11.3627
13.9933	11.3579
13.9962	11.3532
14.0005	11.3462
14.0033	11.3416
14.0061	11.337
14.0088	11.3324
14.0116	11.3278
14.0143	11.3233
14.017	11.3188
14.0196	11.3143
14.0235	11.3076
14.0261	11.3031
14.0287	11.2987
14.0312	11.2943
14.035	11.2878
14.0374	11.2834
14.0399	11.2791
14.0435	11.2727
14.0459	11.2684
14.0483	11.2642
14.0518	11.2579
14.0541	11.2537
14.0564	11.2495
14.0598	11.2433
14.062	11.2392
14.0654	11.233
14.0675	11.229
14.0708	11.2229
14.0729	11.2189
14.0761	11.2129
14.0782	11.2089
14.0813	11.2029
14.0833	11.199
14.0863	11.1931
14.0883	11.1892
14.0913	11.1834
14.0942	11.1776
14.0961	11.1738
14.099	11.1681
14.1018	11.1624
14.1037	11.1586
14.1064	11.153
14.1091	11.1474
14.1118	11.1418
14.1136	11.1381
14.1163	11.1326
14.1189	11.1271
14.1215	11.1217
14.124	11.1163
14.1265	11.1109
14.129	11.1055
14.1315	11.1001
14.134	11.0948
14.1356	11.0913
14.138	11.086
14.1404	11.0807
14.1435	11.0737
14.1459	11.0685
14.1482	11.0633
14.1505	11.0581
14.1528	11.0529
14.155	11.0478
14.1573	11.0427
14.1603	11.0359
14.1625	11.0308
14.1647	11.0257
14.1676	11.0189
14.1698	11.0139
14.172	11.0089
14.1749	11.0022
14.177	10.9972
14.1792	10.9921
14.182	10.9855
14.1842	10.9805
14.187	10.9739
14.1891	10.9689
14.192	10.9623
14.1941	10.9573
14.1969	10.9507
14.1991	10.9457
14.2019	10.9391
14.2041	10.9342
14.2069	10.9275
14.2091	10.9226
14.212	10.916
14.2142	10.911
14.2163	10.906
14.2193	10.8994
14.2215	10.8944
14.2237	10.8894
14.226	10.8844
14.2282	10.8794
14.2305	10.8744
14.2328	10.8693
14.2358	10.8626
14.2382	10.8575
14.2405	10.8525
14.2429	10.8474
14.2453	10.8423
14.2477	10.8372
14.2501	10.832
14.2526	10.8269
14.2551	10.8217
14.2576	10.8165
14.2601	10.8113
14.2618	10.8078
14.2644	10.8026
14.267	10.7974
14.2696	10.7921
14.2723	10.7868
14.2749	10.7815
14.2776	10.7762
14.2803	10.7709
14.2831	10.7655
14.2858	10.7602
14.2886	10.7548
14.2914	10.7494
14.2942	10.744
14.297	10.7386
14.2998	10.7332
14.3026	10.7278
14.3055	10.7223
14.3074	10.7187
14.3103	10.7132
14.3132	10.7077
14.3161	10.7022
14.319	10.6967
14.3229	10.6893
14.3249	10.6857
14.3279	10.6801
14.3308	10.6746
14.3338	10.669
14.3368	10.6634
14.3398	10.6579
14.3428	10.6523
14.3458	10.6467
14.3488	10.6411
14.3518	10.6355
14.3548	10.6298
14.3578	10.6242
14.3609	10.6186
14.3639	10.6129
14.3669	10.6073
14.37	10.6016
14.373	10.596
14.376	10.5903
14.3791	10.5846
14.3821	10.5789
14.3851	10.5733
14.3882	10.5676
14.3902	10.5638
14.3942	10.5562
14.3962	10.5524
14.3993	10.5467
14.4023	10.541
14.4053	10.5353
14.4083	10.5295
14.4103	10.5257
14.4133	10.52
14.4163	10.5143
14.4193	10.5086
14.4222	10.5029
14.4252	10.4971
14.4272	10.4933
14.4301	10.4876
14.433	10.4819
14.436	10.4761
14.4379	10.4723
14.4408	10.4666
14.4437	10.4609
14.4466	10.4551
14.4495	10.4494
14.4514	10.4456
14.4542	10.4399
14.457	10.4342
14.4598	10.4284
14.4617	10.4246
14.4645	10.4189
14.4672	10.4132
14.47	10.4075
14.4718	10.4037
14.4745	10.398
14.4772	10.3923
14.479	10.3885
14.4816	10.3828
14.4843	10.3771
14.486	10.3734
14.4886	10.3677
14.4912	10.362
14.4937	10.3563
14.4954	10.3526
14.4979	10.3469
14.5004	10.3413
14.5021	10.3375
14.5045	10.3319
14.5069	10.3262
14.5085	10.3225
14.5109	10.3169
14.5132	10.3113
14.5148	10.3075
14.5171	10.3019
14.5193	10.2964
14.5208	10.2926
14.523	10.2871
14.5252	10.2815
14.5266	10.2778
14.5288	10.2723
14.5309	10.2667
14.5322	10.2631
14.5343	10.2575
14.5356	10.2539
14.5376	10.2484
14.5395	10.2429
14.5414	10.2374
14.5427	10.2338
14.5446	10.2283
14.5458	10.2247
14.5476	10.2193
14.5493	10.2139
14.5511	10.2085
14.5522	10.2049
14.5539	10.1995
14.5556	10.1941
14.5572	10.1887
14.5588	10.1834
14.5598	10.1798
14.5614	10.1745
14.5629	10.1692
14.5644	10.1639
14.5659	10.1587
14.5668	10.1552
14.5687	10.1482
14.5696	10.1447
14.571	10.1395
14.5723	10.1343
14.5736	10.1291
14.5749	10.1239
14.5762	10.1188
14.5774	10.1136
14.5786	10.1085
14.5798	10.1034
14.581	10.0983
14.5821	10.0933
14.5832	10.0882
14.5843	10.0832
14.5854	10.0782
14.5868	10.0715
14.5878	10.0666
14.5888	10.0616
14.5897	10.0567
14.5907	10.0518
14.5916	10.0469
14.5928	10.0404
14.5937	10.0356
14.5946	10.0308
14.5957	10.0244
14.5965	10.0196
14.5973	10.0149
14.5984	10.0086
14.5991	10.0039
14.6001	9.99768
14.6008	9.99303
14.6018	9.98688
14.6024	9.98229
14.6033	9.97621
14.604	9.97168
14.6048	9.96568
14.6056	9.95971
14.6062	9.95527
14.607	9.94938
14.6078	9.94354
14.6085	9.93774
14.6092	9.93199
14.6099	9.92629
14.6106	9.92063
14.6112	9.91502
14.6118	9.90946
14.6125	9.90394
14.6131	9.89848
14.6136	9.89306
14.6144	9.88636
14.6149	9.88106
14.6156	9.8745
14.6161	9.86931
14.6167	9.8629
14.6174	9.85657
14.618	9.85033
14.6186	9.84417
14.6192	9.8381
14.6198	9.83092
14.6203	9.82621
14.621	9.81925
14.6215	9.81355
14.6222	9.80683
14.6228	9.80134
14.6233	9.79593
14.624	9.78957
14.6246	9.78436
14.6251	9.77924
14.6258	9.77321
14.6264	9.76826
14.627	9.76339
14.6277	9.75764
14.6283	9.75293
14.6291	9.74735
14.6297	9.74277
14.6305	9.73734
14.6311	9.73377
14.6317	9.72935
14.6322	9.72671
14.6329	9.72236
14.6335	9.71891
14.6341	9.71549
14.6347	9.71209
14.6353	9.70871
14.636	9.70534
14.6368	9.70117
14.6375	9.69784
14.6382	9.69454
14.6389	9.69124
14.6396	9.68795
14.6403	9.68467
14.6411	9.6814
14.6419	9.67814
14.6427	9.67488
14.6435	9.67162
14.6444	9.66836
14.6453	9.6651
14.6459	9.66266
14.6468	9.65939
14.6478	9.65612
14.6487	9.65284
14.6497	9.64955
14.6507	9.64625
14.6517	9.64294
14.6528	9.63961
14.6539	9.63627
14.655	9.63291
14.6561	9.62953
14.6573	9.62613
14.6582	9.62356
14.6597	9.61925
14.6606	9.61665
14.6619	9.61315
14.6632	9.60963
14.6645	9.60607
14.6659	9.60248
14.6673	9.59886
14.6688	9.5952
14.6706	9.59057
14.6721	9.58682
14.6737	9.58303
14.676	9.57727
14.6777	9.57337
14.6798	9.56843
14.6815	9.56442
14.6842	9.5583
14.686	9.55416
14.6883	9.54891
14.6902	9.54464
14.6926	9.53922
14.6946	9.53481
14.6972	9.52922
14.6993	9.52467
14.702	9.51888
14.7042	9.51418
14.7064	9.50941
14.7093	9.50336
14.7116	9.49844
14.714	9.49346
14.717	9.48715
14.7194	9.48203
14.7219	9.47684
14.7251	9.47028
14.7276	9.46497
14.7302	9.45959
14.7329	9.45416
14.7355	9.44868
14.7382	9.44314
14.7409	9.43754
14.7437	9.43189
14.7464	9.42619
14.7492	9.42044
14.7521	9.41464
14.7549	9.40879
14.7578	9.40289
14.7607	9.39695
14.7636	9.39095
14.7658	9.38643
14.7687	9.38036
14.7717	9.37425
14.7739	9.36963
14.7769	9.36344
14.7799	9.35721
14.7822	9.35252
14.7852	9.34622
14.7875	9.34147
14.7906	9.3351
14.7929	9.3303
14.7959	9.32388
14.7982	9.31903
14.8013	9.31254
14.8037	9.30765
14.806	9.30274
14.8091	9.29617
14.8114	9.29122
14.8138	9.28626
14.8169	9.27961
14.8192	9.27461
14.8216	9.26959
14.8247	9.26287
14.827	9.25782
14.8294	9.25275
14.8317	9.24766
14.8348	9.24087
14.8372	9.23575
14.8395	9.23063
14.8418	9.22549
14.8441	9.22034
14.8465	9.21518
14.8496	9.20828
14.8519	9.20309
14.8542	9.19789
14.8565	9.19269
14.8588	9.18747
14.8611	9.18225
14.8634	9.17701
14.8657	9.17177
14.8687	9.16477
14.8709	9.15952
14.8732	9.15425
14.8754	9.14898
14.8777	9.1437
14.8799	9.13842
14.8821	9.13314
14.8843	9.12784
14.8865	9.12255
14.8887	9.11725
14.8909	9.11194
14.893	9.10664
14.8952	9.10133
14.8973	9.09602
14.8994	9.09071
14.9015	9.08539
14.9036	9.08008
14.9057	9.07476
14.9078	9.06944
14.9098	9.06413
14.9119	9.05881
14.9139	9.0535
14.9159	9.04819
14.9179	9.04287
14.9198	9.03757
14.9218	9.03226
14.9237	9.02696
14.9256	9.02166
14.9275	9.01636
14.9294	9.01107
14.9313	9.00578
14.9331	9.00049
14.935	8.99521
14.9368	8.98993
14.9386	8.98466
14.9411	8.97764
14.9429	8.97238
14.9446	8.96713
14.9464	8.96188
14.9488	8.95489
14.9506	8.94966
14.9523	8.94444
14.9546	8.93748
14.9564	8.93227
14.9587	8.92534
14.9604	8.92016
14.9627	8.91325
14.9645	8.90808
14.9662	8.90292
14.9685	8.89606
14.9702	8.89092
14.9725	8.88409
14.9743	8.87898
14.9766	8.87218
14.9783	8.86709
14.98	8.86201
14.9824	8.85526
14.9841	8.85021
14.9859	8.84518
14.9876	8.84015
14.99	8.83347
14.9918	8.82848
14.9935	8.8235
14.9953	8.81853
14.9977	8.81193
14.9995	8.807
15.0014	8.80208
15.0032	8.79718
15.0051	8.79229
15.0069	8.78741
15.0088	8.78255
15.0107	8.77771
15.0126	8.77289
15.0145	8.76808
15.0165	8.76328
15.0184	8.75851
15.0204	8.75375
15.0224	8.74901
15.0244	8.74428
15.0264	8.73958
15.0285	8.73489
15.0305	8.73022
15.0326	8.72557
15.0347	8.72094
15.0361	8.71787
15.0383	8.71327
15.0397	8.71021
15.0419	8.70565
15.0434	8.70262
15.0449	8.69959
15.0463	8.69658
15.0486	8.69208
15.0501	8.68909
15.0517	8.68611
15.0532	8.68314
15.0548	8.68017
15.0571	8.67575
15.0587	8.67281
15.0603	8.66988
15.0619	8.66697
15.0636	8.66406
15.0652	8.66116
15.0668	8.65828
15.0694	8.65397
15.071	8.6511
15.0727	8.64825
15.0745	8.64541
15.0762	8.64259
15.0779	8.63977
15.0797	8.63696
15.0815	8.63416
15.0833	8.63138
15.0851	8.6286
15.0869	8.62584
15.0887	8.62309
15.0906	8.62035
15.0925	8.61762
15.0944	8.6149
15.0963	8.61219
15.0982	8.6095
15.1001	8.60681
15.1021	8.60414
15.1041	8.60148
15.106	8.59883
15.1081	8.5962
15.1101	8.59357
15.1121	8.59096
15.1142	8.58836
15.1163	8.58578
15.1184	8.5832
15.1205	8.58064
15.1226	8.57809
15.1237	8.57682
15.1259	8.57429
15.128	8.57178
15.1303	8.56927
15.1325	8.56678
15.1347	8.5643
15.137	8.56183
15.1393	8.55938
15.1416	8.55694
15.1427	8.55573
15.1451	8.55331
15.1474	8.5509
15.1498	8.54851
15.1522	8.54613
15.1546	8.54376
15.1571	8.54141
15.1595	8.53907
15.162	8.53674
15.1632	8.53558
15.1657	8.53327
15.1683	8.53098
15.1708	8.5287
15.1734	8.52643
15.1759	8.52417
15.1785	8.52193
15.1812	8.5197
15.1838	8.51749
15.1851	8.51639
15.1878	8.51419
15.1905	8.51201
15.1932	8.50984
15.1959	8.50768
15.1986	8.50554
15.2014	8.50341
15.2042	8.50129
15.207	8.49919
15.2098	8.4971
15.2126	8.49503
15.2155	8.49296
15.2169	8.49194
15.2198	8.48989
15.2227	8.48786
15.2256	8.48585
15.2285	8.48384
15.2315	8.48185
15.2344	8.47988
15.2374	8.47791
15.2404	8.47596
15.2435	8.47402
15.2465	8.4721
15.2495	8.47019
15.2526	8.46829
15.2557	8.46641
15.2573	8.46547
15.2604	8.46361
15.2635	8.46176
15.2667	8.45992
15.2698	8.4581
15.273	8.45629
15.2762	8.45449
15.2794	8.45271
15.2827	8.45094
15.2859	8.44918
15.2892	8.44744
15.2925	8.44571
15.2958	8.44399
15.2991	8.44229
15.3024	8.4406
15.3041	8.43976
15.3074	8.43809
15.3108	8.43643
15.3142	8.43479
15.3176	8.43316
15.321	8.43154
15.3245	8.42994
15.3279	8.42835
15.3314	8.42677
15.3349	8.42521
15.3384	8.42366
15.3419	8.42213
15.3454	8.4206
15.3489	8.4191
15.3525	8.4176
15.3561	8.41612
15.3597	8.41465
15.3633	8.4132
15.3669	8.41175
15.3705	8.41033
15.3742	8.40891
15.3778	8.40751
15.3815	8.40612
15.3852	8.40475
15.3889	8.40339
15.3927	8.40204
15.3964	8.40071
15.402	8.39874
15.4058	8.39744
15.4096	8.39615
15.4134	8.39488
15.4191	8.39299
15.423	8.39176
15.4268	8.39053
15.4307	8.38932
15.4365	8.38753
15.4404	8.38635
15.4443	8.38519
15.4502	8.38347
15.4542	8.38234
15.4601	8.38067
15.4641	8.37957
15.4681	8.37849
15.4741	8.37689
15.4781	8.37584
15.4842	8.3743
15.4882	8.37328
15.4923	8.37228
15.4984	8.37081
15.5025	8.36984
15.5087	8.36842
15.5129	8.36748
15.517	8.36656
15.5232	8.36521
15.5274	8.36433
15.5316	8.36346
15.5379	8.36218
15.5421	8.36134
15.5485	8.36011
15.5527	8.35931
15.557	8.35852
15.5634	8.35736
15.5677	8.35661
15.572	8.35587
15.5785	8.35478
15.5828	8.35408
15.5871	8.35338
15.5937	8.35237
15.598	8.35171
15.6024	8.35107
15.609	8.35013
15.6134	8.34952
15.62	8.34863
15.6245	8.34805
15.6289	8.34749
15.6356	8.34668
15.6401	8.34615
15.6446	8.34564
15.6513	8.34489
15.6558	8.34441
15.6603	8.34395
15.6648	8.3435
15.6717	8.34285
15.6762	8.34243
15.6808	8.34203
15.6876	8.34145
15.6922	8.34108
15.6968	8.34072
15.7037	8.34021
15.7083	8.33989
15.713	8.33958
15.7199	8.33914
15.7246	8.33886
15.7292	8.33859
15.7362	8.33822
15.7409	8.33798
15.7456	8.33776
15.7526	8.33744
15.7574	8.33725
15.7621	8.33707
15.7692	8.33682
15.7739	8.33666
15.7787	8.33652
15.7858	8.33633
15.7906	8.33621
15.7953	8.33611
15.8025	8.33597
15.8073	8.3359
15.8121	8.33583
15.8193	8.33575
15.8241	8.33571
15.829	8.33568
15.8362	8.33565
15.8411	8.33564
15.8459	8.33565
15.8532	8.33567
15.8581	8.3357
15.8654	8.33575
15.8703	8.3358
15.8752	8.33586
15.8825	8.33597
15.8874	8.33605
15.8924	8.33613
15.8997	8.33628
15.9047	8.33639
15.9096	8.33651
15.917	8.3367
15.922	8.33684
15.9269	8.33699
15.9344	8.33722
15.9393	8.33738
15.9468	8.33764
15.9518	8.33783
15.9568	8.33802
15.9643	8.33831
15.9693	8.33852
15.9743	8.33873
15.9818	8.33907
15.9868	8.3393
15.9943	8.33965
15.9993	8.3399
16.0044	8.34015
16.0119	8.34053
16.017	8.3408
16.022	8.34107
16.0296	8.34149
16.0347	8.34177
16.0422	8.34221
16.0473	8.3425
16.0524	8.3428
16.06	8.34327
16.0651	8.34358
16.0727	8.34406
16.0778	8.34438
16.0829	8.34471
16.0905	8.34521
16.0956	8.34555
16.1032	8.34606
16.1083	8.34641
16.1134	8.34676
16.1211	8.34729
16.1262	8.34765
16.1339	8.34819
16.139	8.34856
16.1467	8.34911
16.1518	8.34949
16.1569	8.34986
16.1646	8.35043
16.1698	8.35081
16.1774	8.35139
16.1826	8.35177
16.1903	8.35236
16.1954	8.35275
16.2006	8.35314
16.2083	8.35373
16.2134	8.35412
16.2211	8.35472
16.2262	8.35512
16.234	8.35571
16.2391	8.35611
16.2468	8.35671
16.252	8.35712
16.2597	8.35772
16.2648	8.35812
16.2725	8.35872
16.2777	8.35912
16.2828	8.35952
16.2906	8.36012
16.2957	8.36052
16.3034	8.36112
16.3086	8.36151
16.3163	8.36211
16.3214	8.3625
16.3291	8.36309
16.3343	8.36348
16.342	8.36406
16.3471	8.36445
16.3522	8.36483
16.3599	8.3654
16.3651	8.36578
16.3728	8.36635
16.3779	8.36672
16.3856	8.36728
16.3907	8.36764
16.3958	8.36801
16.4035	8.36855
16.4086	8.3689
16.4163	8.36943
16.4214	8.36978
16.4265	8.37012
16.4342	8.37063
16.4393	8.37096
16.4469	8.37146
16.452	8.37178
16.4597	8.37227
16.4648	8.37258
16.4699	8.3729
16.4775	8.37336
16.4826	8.37367
16.4902	8.37412
16.4953	8.37442
16.5004	8.37471
16.508	8.37514
16.513	8.37543
16.5206	8.37585
16.5257	8.37613
16.5333	8.37654
16.5384	8.37681
16.5459	8.37721
16.551	8.37748
16.556	8.37774
16.5636	8.37812
16.5687	8.37837
16.5762	8.37875
16.5813	8.37899
16.5888	8.37936
16.5939	8.3796
16.6014	8.37995
16.6065	8.38018
16.614	8.38053
16.619	8.38075
16.6266	8.38109
16.6316	8.38131
16.6391	8.38163
16.6441	8.38185
16.6492	8.38206
16.6567	8.38237
16.6617	8.38257
16.6692	8.38288
16.6742	8.38308
16.6817	8.38337
16.6867	8.38357
16.6942	8.38385
16.6992	8.38404
16.7067	8.38432
16.7117	8.38451
16.7192	8.38478
16.7242	8.38496
16.7317	8.38522
16.7367	8.3854
16.7442	8.38565
16.7491	8.38582
16.7566	8.38607
16.7616	8.38624
16.7691	8.38648
16.774	8.38665
16.7815	8.38688
16.7865	8.38704
16.7939	8.38727
16.8014	8.3875
16.8064	8.38765
16.8138	8.38788
16.8188	8.38802
16.8262	8.38824
16.8312	8.38839
16.8386	8.3886
16.8436	8.38874
16.851	8.38895
16.856	8.38909
16.8634	8.38929
16.8683	8.38943
16.8758	8.38963
16.8832	8.38983
16.8881	8.38996
16.8956	8.39015
16.9005	8.39028
16.9079	8.39047
16.9129	8.3906
16.9203	8.39079
16.9252	8.39091
16.9326	8.3911
16.94	8.39128
16.945	8.3914
16.9524	8.39158
16.9573	8.3917
16.9647	8.39188
16.9696	8.392
16.977	8.39218
16.9844	8.39235
16.9894	8.39247
16.9968	8.39265
17.0017	8.39276
17.0091	8.39294
17.0165	8.39311
17.0214	8.39322
17.0288	8.3934
17.0337	8.39351
17.0411	8.39368
17.0485	8.39386
17.0534	8.39397
17.0608	8.39414
17.0657	8.39426
17.0731	8.39443
17.0804	8.3946
17.0853	8.39472
17.0927	8.39489
17.0976	8.39501
17.105	8.39518
17.1124	8.39536
17.1173	8.39547
17.1247	8.39565
17.1296	8.39577
17.1369	8.39595
17.1419	8.39607
17.1492	8.39625
17.1566	8.39643
17.1615	8.39655
17.1689	8.39673
17.1738	8.39686
17.1811	8.39704
17.1885	8.39723
17.1934	8.39736
17.2008	8.39755
17.2057	8.39768
17.213	8.39787
17.2204	8.39807
17.2253	8.3982
17.2327	8.3984
17.2376	8.39853
17.245	8.39873
17.2499	8.39887
17.2572	8.39907
17.2646	8.39928
17.2695	8.39941
17.2769	8.39962
17.2818	8.39976
17.2891	8.39997
17.294	8.40012
17.3014	8.40033
17.3088	8.40055
17.3137	8.40069
17.3211	8.40091
17.326	8.40106
17.3333	8.40128
17.3407	8.4015
17.3456	8.40165
17.353	8.40188
17.3579	8.40203
17.3653	8.40225
17.3702	8.40241
17.3776	8.40264
17.385	8.40287
17.3899	8.40303
17.3973	8.40326
17.4022	8.40342
17.4096	8.40366
17.4145	8.40382
17.4219	8.40406
17.4293	8.4043
17.4342	8.40446
17.4416	8.40471
17.4466	8.40487
17.4539	8.40512
17.4614	8.40537
17.4663	8.40554
17.4737	8.40579
17.4786	8.40596
17.486	8.40621
17.491	8.40638
17.4984	8.40664
17.5033	8.40681
17.5108	8.40707
17.5182	8.40733
17.5231	8.40751
17.5306	8.40777
17.5355	8.40795
17.5429	8.40821
17.5479	8.40839
17.5553	8.40866
17.5628	8.40893
17.5677	8.40911
17.5752	8.40939
17.5802	8.40957
17.5876	8.40984
17.5926	8.41003
17.6001	8.41031
17.605	8.41049
17.6125	8.41077
17.62	8.41105
17.6249	8.41124
17.6324	8.41153
17.6374	8.41172
17.6449	8.412
17.6499	8.4122
17.6574	8.41249
17.6624	8.41268
17.6699	8.41297
17.6749	8.41317
17.6824	8.41346
17.6899	8.41376
17.6949	8.41395
17.7024	8.41425
17.7075	8.41445
17.715	8.41475
17.72	8.41495
17.7275	8.41526
17.7326	8.41546
17.7401	8.41576
17.7452	8.41597
17.7527	8.41628
17.7578	8.41648
17.7653	8.41679
17.7704	8.417
17.7779	8.41731
17.783	8.41752
17.7906	8.41783
17.7956	8.41804
17.8032	8.41836
17.8083	8.41857
17.8159	8.41889
17.821	8.41911
17.8286	8.41943
17.8337	8.41964
17.8413	8.41997
17.8464	8.42018
17.854	8.42051
17.8591	8.42073
17.8668	8.42106
17.8719	8.42128
17.8795	8.42161
17.8846	8.42183
17.8923	8.42216
17.8974	8.42238
17.9051	8.42272
17.9102	8.42294
17.9179	8.42328
17.923	8.42351
17.9307	8.42385
17.9359	8.42407
17.9436	8.42441
17.9488	8.42464
17.9565	8.42499
17.9616	8.42522
17.9694	8.42556
17.9745	8.42579
17.9823	8.42614
17.9875	8.42637
17.9926	8.4266
18.0004	8.42695
18.0056	8.42718
18.0133	8.42753
18.0185	8.42777
18.0263	8.42812
18.0315	8.42835
18.0392	8.4287
18.0444	8.42894
18.0522	8.42929
18.0574	8.42952
18.0652	8.42987
18.0704	8.43011
18.0782	8.43046
18.0833	8.43069
18.0885	8.43093
18.0963	8.43128
18.1015	8.43151
18.1093	8.43186
18.1145	8.4321
18.1223	8.43244
18.1275	8.43268
18.1352	8.43302
18.1404	8.43326
18.1482	8.4336
18.1534	8.43383
18.1586	8.43406
18.1664	8.43441
18.1715	8.43464
18.1793	8.43498
18.1845	8.4352
18.1922	8.43554
18.1974	8.43577
18.2052	8.43611
18.2103	8.43633
18.2181	8.43667
18.2232	8.43689
18.231	8.43722
18.2361	8.43744
18.2413	8.43766
18.249	8.43799
18.2541	8.43821
18.2618	8.43853
18.267	8.43875
18.2747	8.43907
18.2798	8.43928
18.2875	8.43959
18.2926	8.4398
18.3002	8.44012
18.3053	8.44032
18.313	8.44063
18.3181	8.44084
18.3257	8.44114
18.3308	8.44134
18.3384	8.44164
18.3435	8.44184
18.3511	8.44213
18.3561	8.44233
18.3637	8.44261
18.3687	8.4428
18.3763	8.44309
18.3813	8.44327
18.3888	8.44355
18.3938	8.44374
18.4013	8.44401
18.4063	8.44419
18.4138	8.44445
18.4188	8.44463
18.4263	8.44488
18.4312	8.44505
18.4387	8.44531
18.4436	8.44547
18.451	8.44572
18.4559	8.44588
18.4633	8.44612
18.4707	8.44635
18.4756	8.44651
18.4829	8.44673
18.4878	8.44688
18.495	8.4471
18.4999	8.44724
18.5072	8.44745
18.5144	8.44766
18.5192	8.44779
18.5264	8.44799
18.5312	8.44812
18.5384	8.44831
18.5456	8.44849
18.5503	8.44861
18.5575	8.44879
18.5622	8.4489
18.5693	8.44907
18.5763	8.44923
18.581	8.44933
18.588	8.44949
18.595	8.44963
18.5997	8.44972
18.6067	8.44986
18.6136	8.44999
18.6182	8.45007
18.6251	8.45019
18.632	8.4503
18.6365	8.45038
18.6433	8.45048
18.6501	8.45057
18.6569	8.45066
18.6614	8.45072
18.6681	8.4508
18.6748	8.45087
18.6815	8.45094
18.6859	8.45097
18.6925	8.45103
18.6991	8.45107
18.7057	8.45111
18.7122	8.45115
18.7166	8.45116
18.7231	8.45119
18.7295	8.4512
18.736	8.45121
18.7424	8.45121
18.7487	8.45121
18.7551	8.4512
18.7593	8.45119
18.7656	8.45117
18.7719	8.45114
18.7782	8.45111
18.7844	8.45107
18.7907	8.45102
18.7969	8.45098
18.803	8.45092
18.8092	8.45086
18.8153	8.45079
18.8214	8.45072
18.8275	8.45065
18.8336	8.45057
18.8396	8.45048
18.8456	8.45039
18.8516	8.45029
18.8576	8.45019
18.8636	8.45009
18.8715	8.44994
18.8774	8.44982
18.8833	8.4497
18.8892	8.44958
18.8951	8.44945
18.9009	8.44932
18.9068	8.44918
18.9145	8.44899
18.9203	8.44884
18.9261	8.4487
18.9319	8.44854
18.9376	8.44839
18.9453	8.44817
18.951	8.44801
18.9567	8.44784
18.9624	8.44767
18.97	8.44744
18.9756	8.44726
18.9813	8.44708
18.9888	8.44683
18.9944	8.44664
19.0001	8.44645
19.0075	8.4462
19.0131	8.446
19.0187	8.4458
19.0261	8.44554
19.0317	8.44533
19.0373	8.44513
19.0446	8.44485
19.0502	8.44465
19.0576	8.44436
19.0631	8.44415
19.0686	8.44394
19.0759	8.44365
19.0814	8.44343
19.0888	8.44314
19.0943	8.44292
19.1016	8.44263
19.1071	8.44241
19.1144	8.44211
19.1198	8.44188
19.1271	8.44159
19.1326	8.44136
19.1399	8.44106
19.1454	8.44083
19.1527	8.44053
19.1581	8.44031
19.1654	8.44001
19.1709	8.43978
19.1782	8.43948
19.1837	8.43926
19.191	8.43896
19.1964	8.43873
19.2019	8.43851
19.2092	8.43821
19.2147	8.43799
19.222	8.4377
19.2275	8.43748
19.2349	8.43719
19.2404	8.43698
19.2477	8.43669
19.2533	8.43648
19.2588	8.43627
19.2662	8.43599
19.2717	8.43578
19.2791	8.43551
19.2847	8.4353
19.2903	8.4351
19.2977	8.43484
19.3033	8.43464
19.3089	8.43445
19.3163	8.43419
19.322	8.434
19.3295	8.43375
19.3351	8.43356
19.3407	8.43337
19.3482	8.43313
19.3539	8.43295
19.3595	8.43277
19.3652	8.43259
19.3728	8.43235
19.3784	8.43218
19.3841	8.432
19.3917	8.43177
19.3974	8.4316
19.4031	8.43143
19.4107	8.43121
19.4164	8.43104
19.4222	8.43088
19.4298	8.43066
19.4355	8.4305
19.4413	8.43034
19.4489	8.43012
19.4547	8.42997
19.4604	8.42981
19.4681	8.4296
19.4738	8.42945
19.4796	8.42929
19.4854	8.42914
19.4931	8.42894
19.4989	8.42879
19.5046	8.42864
19.5124	8.42844
19.5182	8.4283
19.524	8.42815
19.5298	8.428
19.5375	8.42781
19.5433	8.42767
19.5491	8.42752
19.5569	8.42734
19.5627	8.42719
19.5685	8.42705
19.5763	8.42687
19.5821	8.42673
19.5879	8.42659
19.5938	8.42645
19.6015	8.42627
19.6074	8.42613
19.6132	8.426
19.6191	8.42586
19.6268	8.42568
19.6327	8.42555
19.6385	8.42541
19.6463	8.42524
19.6522	8.4251
19.658	8.42497
19.6639	8.42484
19.6717	8.42466
19.6775	8.42453
19.6834	8.4244
19.6912	8.42422
19.6971	8.42409
19.7029	8.42396
19.7088	8.42383
19.7166	8.42365
19.7205	8.42357
19.7283	8.42339
19.7342	8.42326
19.742	8.42309
19.7478	8.42296
19.7537	8.42282
19.7615	8.42265
19.7674	8.42252
19.7732	8.42239
19.7791	8.42226
19.7869	8.42208
19.7927	8.42195
19.7986	8.42182
19.8045	8.42168
19.8123	8.42151
19.8181	8.42137
19.824	8.42124
19.8317	8.42106
19.8376	8.42093
19.8434	8.42079
19.8493	8.42066
19.8571	8.42048
19.8629	8.42034
19.8687	8.4202
19.8746	8.42006
19.8823	8.41988
19.8882	8.41974
19.894	8.4196
19.9018	8.41942
19.9076	8.41928
19.9134	8.41914
19.9192	8.419
19.927	8.41881
19.9328	8.41867
19.9386	8.41852
19.9463	8.41833
19.9521	8.41819
19.9579	8.41805
19.9638	8.4179
19.9715	8.41771
19.9773	8.41756
19.9831	8.41742
19.9908	8.41722
19.9966	8.41708
20.0024	8.41693
20.0101	8.41674
20.0159	8.41659
20.0217	8.41644
20.0275	8.41629
20.0352	8.41609
20.041	8.41595
20.0468	8.4158
20.0545	8.4156
20.0603	8.41545
20.0661	8.4153
20.0738	8.4151
20.0795	8.41495
20.0853	8.4148
20.093	8.41459
20.0988	8.41444
20.1046	8.41429
20.1123	8.41409
20.118	8.41394
20.1238	8.41378
20.1296	8.41363
20.1373	8.41343
20.143	8.41327
20.1488	8.41312
20.1565	8.41292
20.1622	8.41276
20.168	8.41261
20.1757	8.4124
20.1814	8.41225
20.1872	8.41209
20.1949	8.41189
20.2006	8.41173
20.2064	8.41158
20.2141	8.41137
20.2198	8.41121
20.2256	8.41106
20.2333	8.41085
20.239	8.4107
20.2448	8.41054
20.2525	8.41033
20.2582	8.41018
20.264	8.41002
20.2717	8.40981
20.2774	8.40965
20.2832	8.4095
20.2908	8.40929
20.2966	8.40913
20.3023	8.40898
20.31	8.40877
20.3158	8.40861
20.3215	8.40845
20.3292	8.40825
20.335	8.40809
20.3407	8.40793
20.3484	8.40772
20.3541	8.40757
20.3599	8.40741
20.3676	8.4072
20.3733	8.40704
20.3791	8.40689
20.3868	8.40668
20.3925	8.40652
20.3983	8.40637
20.4059	8.40616
20.4117	8.406
20.4175	8.40585
20.4251	8.40564
20.4309	8.40548
20.4367	8.40533
20.4443	8.40512
20.4501	8.40496
20.4559	8.40481
20.4635	8.4046
20.4693	8.40445
20.4751	8.40429
20.4827	8.40408
20.4885	8.40393
20.4943	8.40377
20.502	8.40357
20.5077	8.40341
20.5135	8.40326
20.5212	8.40305
20.527	8.4029
20.5327	8.40275
20.5404	8.40254
20.5462	8.40239
20.5519	8.40223
20.5596	8.40203
20.5654	8.40187
20.5712	8.40172
20.577	8.40157
20.5846	8.40136
20.5904	8.40121
20.5962	8.40106
20.6039	8.40085
20.6097	8.4007
20.6154	8.40055
20.6231	8.40035
20.6289	8.40019
20.6347	8.40004
20.6424	8.39984
20.6482	8.39969
20.6539	8.39953
20.6616	8.39933
20.6674	8.39918
20.6732	8.39903
20.6809	8.39883
20.6867	8.39867
20.6924	8.39852
20.7002	8.39832
20.7059	8.39817
20.7117	8.39802
20.7194	8.39782
20.7252	8.39767
20.731	8.39752
20.7368	8.39736
20.7445	8.39716
20.7502	8.39701
20.756	8.39686
20.7637	8.39666
20.7695	8.39651
20.7753	8.39636
20.783	8.39616
20.7888	8.39601
20.7946	8.39586
20.8023	8.39566
20.808	8.39551
20.8138	8.39536
20.8215	8.39516
20.8273	8.39501
20.8331	8.39486
20.8408	8.39467
20.8466	8.39452
20.8524	8.39437
20.8601	8.39417
20.8659	8.39402
20.8717	8.39387
20.8774	8.39372
20.8851	8.39352
20.8909	8.39338
20.8967	8.39323
20.9044	8.39303
20.9102	8.39288
20.916	8.39273
20.9237	8.39253
20.9295	8.39239
20.9353	8.39224
20.943	8.39204
20.9488	8.39189
20.9545	8.39175
20.9623	8.39155
20.968	8.3914
20.9738	8.39125
20.9815	8.39106
20.9873	8.39091
20.9931	8.39076
20.9989	8.39061
21.0066	8.39042
21.0124	8.39027
21.0182	8.39012
21.0259	8.38993
21.0316	8.38978
21.0374	8.38963
21.0451	8.38944
21.0509	8.38929
21.0567	8.38914
21.0644	8.38895
21.0702	8.3888
21.076	8.38866
21.0837	8.38846
21.0895	8.38831
21.0952	8.38817
21.1029	8.38797
21.1087	8.38783
21.1145	8.38768
21.1222	8.38748
21.128	8.38734
21.1338	8.38719
21.1396	8.38704
21.1473	8.38685
21.153	8.3867
21.1588	8.38656
21.1665	8.38636
21.1723	8.38621
21.1781	8.38607
21.1858	8.38587
21.1916	8.38572
21.1973	8.38558
21.2051	8.38538
21.2108	8.38523
21.2166	8.38509
21.2243	8.38489
21.2301	8.38474
21.2359	8.3846
21.2436	8.3844
21.2494	8.38425
21.2551	8.3841
21.2628	8.38391
21.2686	8.38376
21.2744	8.38361
21.2821	8.38341
21.2879	8.38326
21.2936	8.38312
21.2994	8.38297
21.3071	8.38277
21.3129	8.38262
21.3187	8.38247
21.3264	8.38227
21.3322	8.38212
21.3379	8.38197
21.3456	8.38177
21.3514	8.38162
21.3572	8.38147
21.3649	8.38127
21.3707	8.38112
21.3764	8.38097
21.3841	8.38077
21.3899	8.38062
21.3957	8.38047
21.4034	8.38026
21.4092	8.38011
21.4149	8.37996
21.4207	8.37981
21.4284	8.3796
21.4342	8.37945
21.44	8.3793
21.4477	8.37909
21.4534	8.37894
21.4592	8.37878
21.4669	8.37858
21.4727	8.37842
21.4785	8.37827
21.4862	8.37806
21.4919	8.3779
21.4977	8.37775
21.5054	8.37754
21.5112	8.37738
21.5169	8.37723
21.5246	8.37702
21.5304	8.37686
21.5362	8.3767
21.542	8.37654
21.5497	8.37633
21.5554	8.37617
21.5612	8.37601
21.5689	8.3758
21.5747	8.37564
21.5804	8.37548
21.5881	8.37526
21.5939	8.3751
21.5997	8.37494
21.6074	8.37473
21.6131	8.37456
21.6189	8.3744
21.6266	8.37418
21.6324	8.37402
21.6382	8.37386
21.6458	8.37364
21.6516	8.37347
21.6574	8.37331
21.6651	8.37309
21.6709	8.37292
21.6766	8.37276
21.6824	8.37259
21.6901	8.37237
21.6959	8.3722
21.7016	8.37204
21.7093	8.37182
21.7151	8.37165
21.7209	8.37148
21.7286	8.37126
21.7343	8.3711
21.7401	8.37093
21.7478	8.37071
21.7536	8.37054
21.7593	8.37038
21.767	8.37016
21.7728	8.36999
21.7786	8.36983
21.7863	8.36961
21.792	8.36944
21.7978	8.36928
21.8055	8.36906
21.8113	8.36889
21.817	8.36873
21.8247	8.36851
21.8305	8.36835
21.8363	8.36818
21.8421	8.36802
21.8498	8.3678
21.8555	8.36764
21.8613	8.36748
21.869	8.36726
21.8748	8.3671
21.8805	8.36694
21.8882	8.36673
21.894	8.36657
21.8998	8.36641
21.9075	8.3662
21.9133	8.36604
21.919	8.36589
21.9267	8.36568
21.9325	8.36552
21.9383	8.36537
21.9441	8.36522
21.9518	8.36501
21.9575	8.36486
21.9633	8.36471
21.971	8.36451
21.9768	8.36436
21.9826	8.36421
21.9903	8.36401
21.9961	8.36386
22.0018	8.36371
22.0076	8.36357
22.0153	8.36338
22.0211	8.36323
22.0269	8.36309
22.0346	8.3629
22.0404	8.36276
22.0461	8.36262
22.0519	8.36248
22.0596	8.3623
22.0654	8.36216
22.0712	8.36202
22.077	8.36189
22.0847	8.36171
22.0905	8.36158
22.0963	8.36145
22.104	8.36128
22.1098	8.36115
22.1156	8.36102
22.1213	8.3609
22.1291	8.36073
22.1348	8.36061
22.1406	8.36048
22.1484	8.36032
22.1541	8.36021
22.1599	8.36009
22.1657	8.35997
22.1734	8.35982
22.1792	8.35971
22.185	8.35959
22.1908	8.35948
22.1985	8.35934
22.2043	8.35923
22.2101	8.35913
22.2179	8.35899
22.2237	8.35888
22.2294	8.35878
22.2372	8.35865
22.243	8.35855
22.2488	8.35845
22.2546	8.35835
22.2623	8.35822
22.2681	8.35812
22.2739	8.35802
22.2797	8.35793
22.2874	8.3578
22.2932	8.35771
22.299	8.35761
22.3068	8.35748
22.3125	8.35739
22.3183	8.35729
22.3261	8.35717
22.3319	8.35707
22.3377	8.35698
22.3454	8.35685
22.3512	8.35675
22.357	8.35666
22.3628	8.35656
22.3705	8.35643
22.3763	8.35633
22.3821	8.35623
22.3899	8.3561
22.3956	8.356
22.4014	8.3559
22.4072	8.35579
22.415	8.35565
22.4208	8.35555
22.4266	8.35544
22.4343	8.3553
22.4401	8.35519
22.4459	8.35508
22.4517	8.35496
22.4594	8.35481
22.4652	8.3547
22.471	8.35458
22.4767	8.35446
22.4845	8.35429
22.4902	8.35417
22.496	8.35404
22.5018	8.35391
22.5095	8.35374
22.5153	8.35361
22.5211	8.35347
22.5269	8.35333
22.5346	8.35314
22.5404	8.353
22.5461	8.35285
22.5519	8.3527
22.5596	8.3525
22.5654	8.35234
22.5712	8.35219
22.5769	8.35202
22.5846	8.3518
22.5904	8.35163
22.5962	8.35146
22.6019	8.35129
22.6096	8.35105
22.6154	8.35087
22.6212	8.35068
22.6269	8.35049
22.6346	8.35023
22.6404	8.35003
22.6461	8.34983
22.6519	8.34963
22.6576	8.34942
22.6653	8.34913
22.671	8.34891
22.6768	8.34869
22.6825	8.34846
22.6902	8.34815
22.6959	8.34791
22.7017	8.34767
22.7074	8.34743
22.7132	8.34718
22.7208	8.34684
22.7265	8.34658
22.7323	8.34631
22.738	8.34604
22.7437	8.34576
22.7514	8.34539
22.7571	8.3451
22.7628	8.34481
22.7685	8.34451
22.7743	8.34421
22.7819	8.3438
22.7876	8.34348
22.7933	8.34317
22.799	8.34284
22.8047	8.34251
22.8123	8.34207
22.818	8.34174
22.8237	8.3414
22.8313	8.34094
22.837	8.34059
22.8427	8.34024
22.8484	8.33989
22.856	8.33942
22.8617	8.33907
22.8674	8.33871
22.875	8.33823
22.8807	8.33787
22.8864	8.33751
22.894	8.33703
22.8997	8.33667
22.9054	8.33631
22.913	8.33583
22.9187	8.33547
22.9244	8.33511
22.932	8.33464
22.9377	8.33429
22.9434	8.33393
22.951	8.33347
22.9567	8.33312
22.9624	8.33277
22.9681	8.33243
22.9757	8.33198
22.9814	8.33165
22.9871	8.33132
22.9928	8.33099
23.0004	8.33056
23.0061	8.33024
23.0119	8.32993
23.0176	8.32963
23.0252	8.32923
23.0309	8.32893
23.0366	8.32865
23.0424	8.32836
23.0481	8.32809
23.0538	8.32782
23.0615	8.32747
23.0672	8.32722
23.0729	8.32697
23.0787	8.32674
23.0844	8.32651
23.0902	8.32629
23.0959	8.32607
23.1017	8.32587
23.1075	8.32567
23.1132	8.32549
23.1209	8.32525
23.1267	8.32509
23.1325	8.32494
23.1382	8.32479
23.144	8.32466
23.1498	8.32454
23.1556	8.32443
23.1614	8.32433
23.1672	8.32424
23.173	8.32416
23.1788	8.32409
23.1846	8.32404
23.1904	8.324
23.1963	8.32397
23.2021	8.32396
23.2079	8.32396
23.2138	8.32397
23.2177	8.32398
23.2235	8.32402
23.2294	8.32407
23.2352	8.32413
23.2411	8.32421
23.247	8.3243
23.2528	8.32441
23.2587	8.32453
23.2646	8.32467
23.2705	8.32482
23.2744	8.32493
23.2803	8.32511
23.2863	8.32531
23.2922	8.32552
23.2981	8.32576
23.304	8.326
23.308	8.32618
23.3139	8.32646
23.3199	8.32675
23.3258	8.32706
23.3318	8.3274
23.3378	8.32775
23.3418	8.32799
23.3477	8.32837
23.3537	8.32877
23.3597	8.32919
23.3637	8.32949
23.3697	8.32994
23.3758	8.33041
23.3818	8.33091
23.3858	8.33125
23.3918	8.33178
23.3979	8.33232
23.4019	8.3327
23.4079	8.33329
23.414	8.33389
23.42	8.33452
23.4241	8.33495
23.4301	8.33561
23.4362	8.3363
23.4402	8.33677
23.4462	8.3375
23.4523	8.33824
23.4563	8.33875
23.4624	8.33954
23.4684	8.34035
23.4724	8.3409
23.4785	8.34175
23.4845	8.34262
23.4885	8.34322
23.4946	8.34413
23.4986	8.34475
23.5046	8.3457
23.5106	8.34668
23.5146	8.34735
23.5206	8.34837
23.5246	8.34907
23.5306	8.35013
23.5366	8.35122
23.5406	8.35196
23.5466	8.35309
23.5505	8.35386
23.5565	8.35504
23.5624	8.35624
23.5664	8.35706
23.5723	8.35831
23.5763	8.35916
23.5822	8.36045
23.5861	8.36133
23.592	8.36267
23.5959	8.36358
23.6017	8.36497
23.6076	8.36639
23.6115	8.36735
23.6173	8.36881
23.6212	8.36981
23.6269	8.37132
23.6308	8.37235
23.6366	8.37391
23.6404	8.37497
23.6461	8.37658
23.6499	8.37767
23.6556	8.37933
23.6594	8.38046
23.6651	8.38217
23.6688	8.38333
23.6745	8.3851
23.6782	8.38629
23.6819	8.3875
23.6875	8.38934
23.6912	8.39058
23.6949	8.39184
23.6986	8.39311
23.7041	8.39505
23.7077	8.39635
23.7114	8.39767
23.715	8.39901
23.7186	8.40036
23.7223	8.40173
23.7259	8.40311
23.7294	8.4045
23.733	8.40591
23.7366	8.40734
23.7401	8.40878
23.7437	8.41023
23.7472	8.4117
23.7507	8.41319
23.7542	8.41469
23.7577	8.41621
23.7612	8.41774
23.7646	8.41928
23.7663	8.42006
23.7698	8.42163
23.7732	8.42322
23.7766	8.42482
23.78	8.42644
23.7834	8.42807
23.7867	8.42972
23.7901	8.43138
23.7934	8.43306
23.7968	8.43476
23.7984	8.43561
23.8017	8.43733
23.805	8.43907
23.8083	8.44082
23.8115	8.44259
23.8147	8.44438
23.818	8.44618
23.8212	8.448
23.8228	8.44892
23.8259	8.45076
23.8291	8.45262
23.8322	8.4545
23.8354	8.45639
23.8385	8.4583
23.8416	8.46023
23.8431	8.4612
23.8462	8.46315
23.8492	8.46512
23.8522	8.46711
23.8552	8.46912
23.8582	8.47114
23.8597	8.47216
23.8627	8.4742
23.8656	8.47627
23.8686	8.47835
23.8715	8.48045
23.8729	8.48151
23.8758	8.48364
23.8786	8.48578
23.8815	8.48795
23.8843	8.49013
23.8857	8.49122
23.8885	8.49343
23.8913	8.49566
23.894	8.4979
23.8954	8.49903
23.8981	8.5013
23.9008	8.50359
23.9035	8.5059
23.9048	8.50706
23.9074	8.50939
23.9101	8.51174
23.9127	8.51412
23.914	8.51531
23.9165	8.51771
23.9191	8.52012
23.9216	8.52256
23.9229	8.52378
23.9254	8.52625
23.9278	8.52873
23.9303	8.53122
23.9327	8.53374
23.934	8.535
23.9364	8.53754
23.9388	8.5401
23.9411	8.54268
23.9435	8.54527
23.9447	8.54657
23.947	8.54919
23.9493	8.55182
23.9516	8.55448
23.9538	8.55714
23.9561	8.55983
23.9572	8.56118
23.9595	8.56388
23.9617	8.56661
23.9639	8.56935
23.966	8.57211
23.9682	8.57488
23.9704	8.57767
23.9725	8.58047
23.9735	8.58188
23.9757	8.58471
23.9777	8.58755
23.9798	8.59041
23.9819	8.59328
23.9839	8.59617
23.986	8.59908
23.988	8.602
23.99	8.60493
23.992	8.60788
23.9939	8.61084
23.9959	8.61382
23.9979	8.61681
23.9998	8.61981
24.0017	8.62283
24.0036	8.62587
24.0055	8.62892
24.0074	8.63198
24.0093	8.63505
24.0111	8.63814
24.013	8.64124
24.0148	8.64436
24.0166	8.64749
24.0184	8.65063
24.0202	8.65379
24.022	8.65696
24.0238	8.66014
24.0265	8.66494
24.0282	8.66815
24.03	8.67137
24.0326	8.67624
24.0343	8.67949
24.0369	8.6844
24.0394	8.68934
24.0411	8.69264
24.0436	8.69762
24.0461	8.70263
24.0486	8.70766
24.0502	8.71103
24.0526	8.7161
24.0551	8.7212
24.0567	8.72461
24.0591	8.72975
24.0615	8.73491
24.0639	8.7401
24.0662	8.7453
24.0678	8.74879
24.0702	8.75404
24.0725	8.7593
24.0748	8.7646
24.0771	8.76991
24.0794	8.77524
24.081	8.77881
24.0833	8.78418
24.0856	8.78956
24.0878	8.79497
24.0901	8.8004
24.0924	8.80584
24.0947	8.81131
24.0969	8.81679
24.0992	8.82229
24.1014	8.82781
24.1037	8.83335
24.1059	8.8389
24.1082	8.84447
24.1105	8.85006
24.1127	8.85566
24.115	8.86128
24.1172	8.86692
24.1195	8.87256
24.1225	8.88012
24.1248	8.8858
24.1271	8.89149
24.1294	8.8972
24.1317	8.90292
24.134	8.90866
24.1363	8.9144
24.1386	8.92016
24.1409	8.92593
24.1432	8.93171
24.1456	8.93751
24.1479	8.94331
24.1503	8.94912
24.1527	8.95494
24.1543	8.95883
24.1567	8.96467
24.1591	8.97051
24.1616	8.97637
24.164	8.98223
24.1657	8.98615
24.1681	8.99202
24.1706	8.99791
24.1732	9.0038
24.1749	9.00773
24.1774	9.01363
24.18	9.01954
24.1817	9.02348
24.1843	9.02939
24.1869	9.03531
24.1887	9.03926
24.1913	9.04518
24.194	9.05111
24.1958	9.05506
24.1985	9.06099
24.2012	9.06692
24.203	9.07088
24.2058	9.0768
24.2085	9.08273
24.2104	9.08668
24.2132	9.09261
24.216	9.09853
24.2178	9.10247
24.2206	9.10838
24.2235	9.11429
24.2254	9.11823
24.2282	9.12412
24.2311	9.13001
24.2339	9.1359
24.2359	9.13981
24.2387	9.14568
24.2416	9.15154
24.2436	9.15544
24.2465	9.16128
24.2494	9.16711
24.2523	9.17293
24.2542	9.1768
24.2572	9.18259
24.2601	9.18837
24.263	9.19414
24.265	9.19798
24.268	9.20372
24.2709	9.20944
24.2738	9.21515
24.2758	9.21894
24.2788	9.22462
24.2817	9.23027
24.2847	9.23591
24.2876	9.24152
24.2906	9.24712
24.2926	9.25084
24.2955	9.25639
24.2985	9.26193
24.3014	9.26744
24.3044	9.27292
24.3073	9.27839
24.3102	9.28382
24.3132	9.28923
24.3161	9.29461
24.318	9.29818
24.321	9.30351
24.3239	9.30882
24.3268	9.31409
24.3297	9.31934
24.3326	9.32455
24.3355	9.32973
24.3393	9.33658
24.3421	9.34169
24.345	9.34676
24.3478	9.35179
24.3506	9.35679
24.3535	9.36175
24.3563	9.36667
24.359	9.37156
24.3627	9.37801
24.3655	9.38281
24.3682	9.38756
24.3719	9.39384
24.3746	9.39849
24.3772	9.40311
24.3808	9.4092
24.3834	9.41371
24.3869	9.41966
24.3895	9.42407
24.393	9.42987
24.3955	9.43417
24.3989	9.43982
24.4014	9.44401
24.4047	9.44951
24.408	9.45492
24.4112	9.46024
24.4143	9.46547
24.4167	9.46933
24.4198	9.47438
24.4228	9.47934
24.4266	9.48541
24.4295	9.49014
24.4324	9.49477
24.4352	9.4993
24.4387	9.5048
24.4414	9.50909
24.4447	9.51428
24.4479	9.51931
24.4504	9.5232
24.4535	9.5279
24.4564	9.53243
24.4598	9.53765
24.4631	9.54266
24.4663	9.54745
24.4694	9.55204
24.4728	9.55716
24.476	9.56204
24.4796	9.56736
24.4829	9.57242
24.4857	9.57666
24.488	9.58017
24.4898	9.58302
24.4919	9.58636
24.4933	9.58854
24.4949	9.59122
24.4962	9.59333
24.4977	9.59594
24.4989	9.598
24.5001	9.60005
24.5012	9.60208
24.502	9.60361
24.5031	9.60563
24.5041	9.60765
24.5049	9.60916
24.5058	9.61119
24.5065	9.61271
24.5072	9.61424
24.5082	9.61628
24.5088	9.61783
24.5095	9.61939
24.5101	9.62096
24.5107	9.62254
24.5115	9.62467
24.5121	9.62629
24.5127	9.62793
24.5133	9.62959
24.5138	9.63127
24.5146	9.63354
24.5151	9.63528
24.5156	9.63704
24.5161	9.63883
24.5168	9.64126
24.5173	9.64312
24.5178	9.64502
24.5184	9.6476
24.5188	9.64957
24.5194	9.65227
24.5199	9.65434
24.5205	9.65716
24.5211	9.66005
24.5215	9.66228
24.522	9.66532
24.5226	9.66845
24.5231	9.67167
24.5237	9.67498
24.5241	9.67753
24.5246	9.68102
24.5251	9.68461
24.5256	9.6883
24.5262	9.69211
24.5268	9.69703
24.5275	9.70214
24.5281	9.70744
24.5288	9.71294
24.5293	9.71748
24.53	9.72336
24.5306	9.72945
24.5312	9.73449
24.5319	9.74099
24.5325	9.74637
24.533	9.75189
24.5338	9.75901
24.5344	9.76486
24.535	9.77086
24.5356	9.777
24.5362	9.78328
24.5367	9.78808
24.5373	9.79459
24.538	9.80123
24.5386	9.808
24.5391	9.81316
24.5398	9.82014
24.5403	9.82546
24.541	9.83266
24.5415	9.83814
24.542	9.84368
24.5427	9.85116
24.5433	9.85684
24.5438	9.86259
24.5445	9.87034
24.5451	9.87623
24.5456	9.88217
24.5461	9.88816
24.5467	9.89422
24.5473	9.90032
24.5478	9.90648
24.5484	9.91269
24.5489	9.91895
24.5495	9.92526
24.5501	9.93162
24.5506	9.93803
24.5512	9.94448
24.5518	9.95098
24.5524	9.95753
24.553	9.96411
24.5536	9.97074
24.5541	9.97741
24.5545	9.98188
24.5551	9.98861
24.5557	9.99539
24.5563	10.0022
24.5569	10.009
24.5573	10.0136
24.5579	10.0205
24.5585	10.0275
24.5591	10.0344
24.5595	10.0391
24.5602	10.0461
24.5608	10.0532
24.5612	10.0579
24.5618	10.065
24.5624	10.0721
24.5628	10.0769
24.5634	10.084
24.5641	10.0912
24.5645	10.096
24.5651	10.1032
24.5657	10.1105
24.5661	10.1153
24.5668	10.1226
24.5674	10.1299
24.5678	10.1348
24.5684	10.1421
24.5689	10.147
24.5695	10.1543
24.5701	10.1617
24.5705	10.1666
24.5712	10.1739
24.5716	10.1789
24.5722	10.1863
24.5727	10.1912
24.5733	10.1986
24.5739	10.206
24.5743	10.2109
24.575	10.2184
24.5754	10.2233
24.576	10.2307
24.5767	10.2382
24.5771	10.2431
24.5777	10.2505
24.5782	10.2555
24.5788	10.2629
24.5792	10.2679
24.5798	10.2753
24.5805	10.2827
24.5809	10.2876
24.5815	10.295
24.582	10.3
24.5826	10.3073
24.5832	10.3147
24.5836	10.3196
24.5843	10.327
24.5847	10.3319
24.5853	10.3392
24.5858	10.3441
24.5864	10.3514
24.587	10.3587
24.5874	10.3636
24.5881	10.3709
24.5887	10.3781
24.5891	10.3829
24.5897	10.3902
24.5903	10.3974
24.5908	10.4021
24.5914	10.4093
24.592	10.4164
24.5924	10.4212
24.593	10.4283
24.5936	10.4354
24.594	10.4401
24.5946	10.4471
24.5953	10.4541
24.5957	10.4588
24.5963	10.4658
24.5969	10.4728
24.5975	10.4797
24.5979	10.4843
24.5985	10.4912
24.5991	10.4981
24.5997	10.505
24.6001	10.5096
24.6007	10.5164
24.6013	10.5232
24.6019	10.53
24.6025	10.5368
24.6031	10.5436
24.6035	10.5481
24.6041	10.5549
24.6047	10.5616
24.6053	10.5683
24.6059	10.575
24.6064	10.5817
24.6068	10.5861
24.6074	10.5928
24.608	10.5994
24.6086	10.606
24.6092	10.6126
24.6098	10.6192
24.6103	10.6258
24.6109	10.6324
24.6115	10.6389
24.6119	10.6433
24.6125	10.6498
24.6131	10.6564
24.6136	10.6629
24.6142	10.6694
24.6148	10.6758
24.6154	10.6823
24.616	10.6888
24.6165	10.6952
24.6171	10.7017
24.6177	10.7081
24.6183	10.7145
24.6188	10.7209
24.6194	10.7274
24.62	10.7337
24.6205	10.7401
24.6211	10.7465
24.6217	10.7529
24.6223	10.7592
24.6228	10.7656
24.6234	10.7719
24.624	10.7783
24.6245	10.7846
24.6251	10.7909
24.6257	10.7973
24.6262	10.8036
24.6268	10.8099
24.6274	10.8162
24.6279	10.8225
24.6285	10.8288
24.6291	10.8351
24.6296	10.8414
24.6302	10.8476
24.6308	10.8539
24.6313	10.8602
24.6319	10.8665
24.6325	10.8727
24.633	10.879
24.6336	10.8853
24.6342	10.8915
24.6349	10.8999
24.6355	10.9062
24.636	10.9124
24.6366	10.9187
24.6372	10.9249
24.6377	10.9312
24.6383	10.9375
24.6389	10.9437
24.6394	10.95
24.64	10.9563
24.6405	10.9625
24.6411	10.9688
24.6417	10.9751
24.6422	10.9813
24.6428	10.9876
24.6434	10.9939
24.6439	11.0002
24.6445	11.0064
24.6451	11.0127
24.6456	11.019
24.6462	11.0253
24.6468	11.0316
24.6473	11.0379
24.6479	11.0442
24.6485	11.0506
24.649	11.0569
24.6496	11.0632
24.6502	11.0695
24.6507	11.0759
24.6515	11.0844
24.6519	11.0886
24.6525	11.095
24.653	11.1013
24.6536	11.1077
24.6542	11.1141
24.6547	11.1204
24.6553	11.1268
24.6559	11.1332
24.6565	11.1396
24.657	11.146
24.6576	11.1524
24.6582	11.1589
24.6587	11.1653
24.6593	11.1717
24.6599	11.1781
24.6605	11.1846
24.661	11.191
24.6616	11.1974
24.6622	11.2039
24.6628	11.2103
24.6633	11.2168
24.6639	11.2232
24.6645	11.2297
24.6651	11.2362
24.6656	11.2426
24.6662	11.2491
24.6668	11.2556
24.6674	11.2621
24.668	11.2686
24.6685	11.2751
24.6691	11.2816
24.6697	11.2881
24.6701	11.2924
24.6707	11.2989
24.6712	11.3054
24.6718	11.3119
24.6724	11.3184
24.673	11.3249
24.6736	11.3314
24.6741	11.338
24.6747	11.3445
24.6753	11.351
24.6759	11.3575
24.6765	11.3641
24.677	11.3706
24.6776	11.3772
24.678	11.3815
24.6786	11.3881
24.6792	11.3946
24.6798	11.4011
24.6803	11.4077
24.6809	11.4142
24.6815	11.4208
24.6821	11.4273
24.6827	11.4339
24.6832	11.4405
24.6838	11.447
24.6844	11.4536
24.6848	11.4579
24.6854	11.4645
24.686	11.4711
24.6865	11.4776
24.6871	11.4842
24.6877	11.4908
24.6883	11.4973
24.6889	11.5039
24.6895	11.5105
24.69	11.517
24.6906	11.5236
24.6912	11.5302
24.6916	11.5346
24.6922	11.5411
24.6928	11.5477
24.6933	11.5543
24.6939	11.5608
24.6945	11.5674
24.6951	11.574
24.6957	11.5806
24.6963	11.5871
24.6968	11.5937
24.6974	11.6003
24.6978	11.6047
24.6984	11.6112
24.699	11.6178
24.6996	11.6244
24.7001	11.6309
24.7007	11.6375
24.7013	11.6441
24.7019	11.6507
24.7025	11.6572
24.7031	11.6638
24.7036	11.6703
24.704	11.6747
24.7046	11.6813
24.7052	11.6878
24.7058	11.6944
24.7064	11.701
24.7069	11.7075
24.7075	11.7141
24.7081	11.7206
24.7087	11.7272
24.7093	11.7337
24.7099	11.7403
24.7104	11.7468
24.7108	11.7512
24.7114	11.7577
24.712	11.7643
24.7126	11.7708
24.7132	11.7774
24.7137	11.7839
24.7143	11.7904
24.7149	11.797
24.7155	11.8035
24.7161	11.8101
24.7166	11.8166
24.7172	11.8231
24.7178	11.8296
24.7182	11.834
24.7188	11.8405
24.7193	11.8471
24.7199	11.8536
24.7205	11.8601
24.7211	11.8666
24.7217	11.8731
24.7222	11.8797
24.7228	11.8862
24.7234	11.8927
24.724	11.8992
24.7246	11.9057
24.7251	11.9123
24.7257	11.9188
24.7263	11.9253
24.7267	11.9296
24.7273	11.9361
24.7279	11.9426
24.7284	11.9491
24.729	11.9557
24.7296	11.9622
24.7302	11.9687
24.7307	11.9752
24.7313	11.9817
24.7319	11.9882
24.7325	11.9947
24.7331	12.0012
24.7336	12.0077
24.7342	12.0142
24.7348	12.0207
24.7354	12.0272
24.736	12.0337
24.7363	12.038
24.7369	12.0445
24.7375	12.051
24.7381	12.0575
24.7387	12.064
24.7392	12.0705
24.7398	12.077
24.7404	12.0835
24.741	12.09
24.7415	12.0965
24.7421	12.103
24.7427	12.1095
24.7433	12.116
24.7439	12.1225
24.7444	12.129
24.745	12.1354
24.7456	12.1419
24.746	12.1463
24.7466	12.1528
24.7471	12.1592
24.7477	12.1657
24.7483	12.1722
24.7489	12.1787
24.7495	12.1852
24.75	12.1917
24.7506	12.1982
24.7512	12.2047
24.7518	12.2112
24.7523	12.2177
24.7529	12.2241
24.7535	12.2306
24.7541	12.2371
24.7547	12.2436
24.7552	12.2501
24.7558	12.2566
24.7564	12.2631
24.7568	12.2674
24.7574	12.2739
24.7579	12.2804
24.7585	12.2869
24.7591	12.2934
24.7597	12.2999
24.7602	12.3063
24.7608	12.3128
24.7614	12.3193
24.762	12.3258
24.7626	12.3323
24.7631	12.3388
24.7637	12.3453
24.7643	12.3518
24.7649	12.3583
24.7654	12.3648
24.766	12.3713
24.7666	12.3778
24.7672	12.3843
24.7676	12.3886
24.7681	12.3951
24.7687	12.4016
24.7693	12.4081
24.7699	12.4146
24.7705	12.4211
24.771	12.4276
24.7716	12.4341
24.7722	12.4406
24.7728	12.4471
24.7734	12.4536
24.7739	12.4601
24.7745	12.4666
24.7751	12.4731
24.7757	12.4796
24.7762	12.4861
24.7768	12.4926
24.7772	12.4969
24.7778	12.5034
24.7784	12.5099
24.7789	12.5164
24.7795	12.5229
24.7801	12.5294
24.7807	12.5359
24.7813	12.5424
24.7818	12.5489
24.7824	12.5554
24.783	12.5619
24.7836	12.5684
24.7842	12.5749
24.7847	12.5814
24.7853	12.5879
24.7859	12.5944
24.7865	12.6009
24.7869	12.6053
24.7874	12.6118
24.788	12.6183
24.7886	12.6248
24.7892	12.6313
24.7898	12.6378
24.7903	12.6443
24.7909	12.6508
24.7915	12.6573
24.7921	12.6638
24.7927	12.6704
24.7932	12.6769
24.7938	12.6834
24.7944	12.6899
24.795	12.6964
24.7955	12.7029
24.7959	12.7072
24.7965	12.7138
24.7971	12.7203
24.7977	12.7268
24.7983	12.7333
24.7988	12.7398
24.7994	12.7463
24.8	12.7528
24.8006	12.7593
24.8011	12.7658
24.8017	12.7723
24.8023	12.7789
24.8029	12.7854
24.8035	12.7919
24.804	12.7984
24.8046	12.8049
24.805	12.8092
24.8056	12.8157
24.8062	12.8223
24.8067	12.8288
24.8073	12.8353
24.8079	12.8418
24.8085	12.8483
24.8091	12.8548
24.8096	12.8613
24.8102	12.8678
24.8108	12.8743
24.8114	12.8809
24.812	12.8874
24.8125	12.8939
24.8131	12.9004
24.8137	12.9069
24.8141	12.9112
24.8147	12.9178
24.8152	12.9243
24.8158	12.9308
24.8164	12.9373
24.817	12.9438
24.8176	12.9503
24.8181	12.9568
24.8187	12.9633
24.8193	12.9698
24.8199	12.9764
24.8205	12.9829
24.821	12.9894
24.8216	12.9959
24.8222	13.0024
24.8226	13.0067
24.8232	13.0133
24.8237	13.0198
24.8243	13.0263
24.8249	13.0328
24.8255	13.0393
24.8261	13.0458
24.8266	13.0523
24.8272	13.0588
24.8278	13.0653
24.8284	13.0718
24.829	13.0784
24.8295	13.0849
24.8301	13.0914
24.8307	13.0979
24.8313	13.1044
24.8317	13.1087
24.8322	13.1152
24.8328	13.1217
24.8334	13.1283
24.834	13.1348
24.8346	13.1413
24.8351	13.1478
24.8357	13.1543
24.8363	13.1608
24.8369	13.1673
24.8375	13.1738
24.838	13.1803
24.8386	13.1868
24.8392	13.1933
24.8398	13.1998
24.8404	13.2064
24.8409	13.2129
24.8413	13.2172
24.8419	13.2237
24.8425	13.2302
24.8431	13.2367
24.8436	13.2432
24.8442	13.2497
24.8448	13.2562
24.8454	13.2628
24.8459	13.2693
24.8465	13.2758
24.8471	13.2823
24.8477	13.2888
24.8483	13.2953
24.8488	13.3018
24.8494	13.3083
24.85	13.3148
24.8504	13.3191
24.851	13.3256
24.8515	13.3322
24.8521	13.3387
24.8527	13.3452
24.8533	13.3517
24.8539	13.3582
24.8544	13.3647
24.855	13.3712
24.8556	13.3777
24.8562	13.3842
24.8568	13.3907
24.8573	13.3972
24.8579	13.4037
24.8585	13.4102
24.8591	13.4167
24.8595	13.4211
24.86	13.4276
24.8606	13.4341
24.8612	13.4406
24.8618	13.4471
24.8624	13.4536
24.8629	13.4601
24.8635	13.4666
24.8641	13.4731
24.8647	13.4796
24.8653	13.4861
24.8658	13.4926
24.8664	13.4991
24.867	13.5056
24.8676	13.5121
24.8682	13.5187
24.8687	13.5252
24.8691	13.5295
24.8697	13.536
24.8703	13.5425
24.8709	13.549
24.8714	13.5555
24.872	13.562
24.8726	13.5685
24.8732	13.575
24.8737	13.5815
24.8743	13.588
24.8749	13.5946
24.8755	13.6011
24.8761	13.6076
24.8765	13.6119
24.877	13.6184
24.8776	13.6249
24.8782	13.6314
24.8788	13.6379
24.8793	13.6444
24.8799	13.6509
24.8805	13.6574
24.8811	13.6639
24.8817	13.6705
24.8822	13.677
24.8828	13.6835
24.8834	13.69
24.884	13.6965
24.8846	13.703
24.8851	13.7095
24.8857	13.716
24.8861	13.7203
24.8867	13.7268
24.8873	13.7333
24.8878	13.7398
24.8884	13.7464
24.889	13.7529
24.8896	13.7594
24.8902	13.7659
24.8907	13.7724
24.8913	13.7789
24.8919	13.7854
24.8925	13.7919
24.893	13.7984
24.8936	13.8049
24.8942	13.8114
24.8946	13.8158
24.8952	13.8223
24.8958	13.8288
24.8963	13.8353
24.8969	13.8418
24.8975	13.8483
24.8981	13.8548
24.8986	13.8613
24.8992	13.8678
24.8998	13.8743
24.9004	13.8808
24.901	13.8873
24.9015	13.8938
24.9021	13.9003
24.9027	13.9068
24.9033	13.9134
24.9037	13.9177
24.9042	13.9242
24.9048	13.9307
24.9054	13.9372
24.906	13.9437
24.9066	13.9502
24.9071	13.9567
24.9077	13.9632
24.9083	13.9697
24.9089	13.9763
