13.019	12.969
13.019	12.969
13.0251	12.9639
13.0312	12.9587
13.0372	12.9536
13.0372	12.9536
13.0432	12.9486
13.0491	12.9436
13.055	12.9386
13.055	12.9386
13.0608	12.9336
13.0666	12.9286
13.0723	12.9237
13.078	12.9188
13.078	12.9188
13.0836	12.914
13.0892	12.9092
13.0947	12.9044
13.1002	12.8996
13.1056	12.8948
13.1056	12.8948
13.1109	12.8901
13.1163	12.8854
13.1215	12.8808
13.1267	12.8761
13.1319	12.8715
13.137	12.867
13.137	12.867
13.1421	12.8624
13.1471	12.8579
13.1521	12.8534
13.157	12.8489
13.1619	12.8445
13.1668	12.8401
13.1715	12.8357
13.1763	12.8313
13.181	12.827
13.181	12.827
13.1856	12.8226
13.1902	12.8184
13.1948	12.8141
13.1993	12.8099
13.2038	12.8057
13.2082	12.8015
13.2126	12.7973
13.2169	12.7932
13.2212	12.7891
13.2254	12.785
13.2296	12.7809
13.2338	12.7769
13.2379	12.7729
13.242	12.7689
13.246	12.7649
13.25	12.761
13.2539	12.7571
13.2578	12.7532
13.2617	12.7493
13.2655	12.7455
13.2693	12.7417
13.273	12.7379
13.2767	12.7341
13.2839	12.7266
13.2875	12.7229
13.291	12.7192
13.2945	12.7156
13.298	12.7119
13.3014	12.7083
13.3047	12.7047
13.3081	12.7011
13.3113	12.6976
13.3178	12.6906
13.321	12.6871
13.3241	12.6836
13.3272	12.6802
13.3303	12.6768
13.3333	12.6734
13.3392	12.6666
13.3421	12.6633
13.345	12.66
13.3478	12.6567
13.3506	12.6534
13.3561	12.6469
13.3588	12.6437
13.3615	12.6405
13.3641	12.6373
13.3693	12.631
13.3718	12.6279
13.3743	12.6248
13.3767	12.6217
13.3815	12.6156
13.3839	12.6126
13.3862	12.6096
13.3907	12.6036
13.393	12.6007
13.3952	12.5977
13.3973	12.5948
13.3994	12.5919
13.4015	12.589
13.4056	12.5833
13.4076	12.5805
13.4096	12.5777
13.4115	12.5749
13.4135	12.5721
13.4153	12.5693
13.4172	12.5666
13.419	12.5639
13.4208	12.5612
13.4243	12.5558
13.426	12.5531
13.4277	12.5505
13.4293	12.5478
13.431	12.5452
13.4326	12.5426
13.4341	12.54
13.4357	12.5374
13.4387	12.5323
13.4401	12.5298
13.4416	12.5273
13.443	12.5248
13.4444	12.5223
13.4457	12.5198
13.4471	12.5174
13.4497	12.5125
13.4509	12.5101
13.4521	12.5077
13.4534	12.5053
13.4545	12.5029
13.4568	12.4982
13.458	12.4959
13.459	12.4936
13.4601	12.4913
13.4612	12.489
13.4622	12.4867
13.4642	12.4821
13.4651	12.4799
13.4661	12.4776
13.467	12.4754
13.4679	12.4732
13.4696	12.4688
13.4704	12.4666
13.4712	12.4645
13.472	12.4623
13.4736	12.458
13.4743	12.4559
13.475	12.4538
13.4757	12.4517
13.4764	12.4496
13.4777	12.4454
13.4783	12.4433
13.4789	12.4413
13.4795	12.4392
13.4806	12.4352
13.4812	12.4332
13.4817	12.4312
13.4827	12.4272
13.4832	12.4252
13.4836	12.4232
13.4841	12.4212
13.4849	12.4173
13.4853	12.4154
13.4857	12.4135
13.4864	12.4096
13.4867	12.4077
13.4871	12.4058
13.4877	12.402
13.488	12.4001
13.4885	12.3964
13.4888	12.3945
13.489	12.3927
13.4894	12.389
13.4896	12.3871
13.49	12.3835
13.4902	12.3817
13.4905	12.378
13.4906	12.3762
13.4909	12.3726
13.491	12.3709
13.4912	12.3673
13.4913	12.3637
13.4914	12.362
13.4915	12.3585
13.4916	12.355
13.4916	12.3532
13.4917	12.3497
13.4917	12.3463
13.4917	12.3428
13.4916	12.3394
13.4916	12.3359
13.4915	12.3325
13.4914	12.3291
13.4913	12.3257
13.4912	12.3223
13.491	12.3172
13.4908	12.3121
13.4905	12.3053
13.4902	12.3002
13.4899	12.2934
13.4897	12.2883
13.4895	12.2832
13.4893	12.2781
13.4892	12.2729
13.4891	12.2695
13.489	12.266
13.4889	12.2625
13.4889	12.2591
13.4889	12.2556
13.4889	12.2521
13.4889	12.2485
13.489	12.245
13.4891	12.2432
13.4892	12.2396
13.4893	12.236
13.4894	12.2342
13.4896	12.2306
13.4897	12.2288
13.4899	12.2251
13.4902	12.2214
13.4904	12.2196
13.4907	12.2159
13.4909	12.214
13.4911	12.2121
13.4916	12.2083
13.4918	12.2065
13.4923	12.2026
13.4926	12.2007
13.4929	12.1988
13.4935	12.1949
13.4938	12.193
13.4945	12.189
13.4949	12.1871
13.4953	12.1851
13.4957	12.1831
13.4965	12.1791
13.4969	12.177
13.4974	12.175
13.4983	12.1709
13.4988	12.1689
13.4994	12.1668
13.5004	12.1626
13.501	12.1606
13.5016	12.1585
13.5028	12.1542
13.5034	12.1521
13.504	12.15
13.5053	12.1457
13.506	12.1435
13.5074	12.1392
13.5081	12.137
13.5088	12.1348
13.5103	12.1304
13.5111	12.1282
13.5127	12.1237
13.5135	12.1215
13.5143	12.1193
13.516	12.1147
13.5168	12.1125
13.5186	12.1079
13.5195	12.1056
13.5204	12.1033
13.5223	12.0987
13.5232	12.0964
13.5252	12.0917
13.5261	12.0894
13.5282	12.0847
13.5292	12.0823
13.5313	12.0776
13.5323	12.0752
13.5345	12.0704
13.5356	12.068
13.5378	12.0632
13.54	12.0583
13.5423	12.0535
13.5435	12.051
13.5459	12.0461
13.5483	12.0412
13.5508	12.0362
13.5533	12.0312
13.5545	12.0287
13.5571	12.0237
13.5597	12.0187
13.5623	12.0136
13.565	12.0085
13.5664	12.006
13.5691	12.0009
13.5719	11.9957
13.5747	11.9906
13.5775	11.9854
13.5804	11.9802
13.5819	11.9776
13.5848	11.9724
13.5878	11.9671
13.5908	11.9619
13.5938	11.9566
13.5969	11.9513
13.5984	11.9486
13.6016	11.9433
13.6047	11.938
13.6079	11.9326
13.6095	11.93
13.6127	11.9246
13.6159	11.9192
13.6192	11.9138
13.6225	11.9084
13.6259	11.903
13.6275	11.9002
13.6309	11.8948
13.6343	11.8893
13.6377	11.8839
13.6412	11.8784
13.6429	11.8756
13.6464	11.8701
13.6499	11.8646
13.6534	11.8591
13.6552	11.8563
13.6587	11.8508
13.6623	11.8453
13.6659	11.8397
13.6695	11.8342
13.6713	11.8314
13.675	11.8258
13.6787	11.8202
13.6823	11.8146
13.6842	11.8118
13.6879	11.8062
13.6916	11.8006
13.6953	11.795
13.6991	11.7894
13.701	11.7866
13.7047	11.781
13.7085	11.7754
13.7123	11.7697
13.7161	11.7641
13.718	11.7613
13.7218	11.7557
13.7257	11.75
13.7295	11.7444
13.7334	11.7388
13.7372	11.7331
13.7392	11.7303
13.743	11.7247
13.7469	11.719
13.7508	11.7134
13.7527	11.7106
13.7566	11.7049
13.7605	11.6993
13.7644	11.6937
13.7683	11.688
13.7703	11.6852
13.7742	11.6796
13.7781	11.674
13.782	11.6683
13.7859	11.6627
13.7898	11.6571
13.7918	11.6543
13.7977	11.6459
13.7996	11.6431
13.8035	11.6375
13.8074	11.6319
13.8113	11.6264
13.8152	11.6208
13.8172	11.618
13.8211	11.6124
13.825	11.6069
13.8288	11.6014
13.8327	11.5958
13.8366	11.5903
13.8404	11.5848
13.8443	11.5793
13.8481	11.5738
13.8501	11.5711
13.8539	11.5656
13.8596	11.5574
13.8615	11.5547
13.8653	11.5492
13.8691	11.5438
13.8729	11.5384
13.8766	11.533
13.8804	11.5276
13.8841	11.5222
13.8878	11.5169
13.8897	11.5142
13.8933	11.5089
13.897	11.5036
13.9007	11.4983
13.9043	11.493
13.9079	11.4877
13.9115	11.4825
13.9151	11.4773
13.9187	11.472
13.9222	11.4669
13.9257	11.4617
13.9292	11.4565
13.9327	11.4514
13.9361	11.4463
13.9379	11.4437
13.943	11.4361
13.9446	11.4336
13.948	11.4286
13.953	11.4211
13.9563	11.4161
13.9579	11.4136
13.9612	11.4087
13.9644	11.4038
13.9692	11.3964
13.9723	11.3916
13.9755	11.3867
13.9785	11.3819
13.9816	11.3771
13.9846	11.3724
13.9876	11.3677
13.9906	11.363
13.9935	11.3583
13.9964	11.3536
13.9993	11.349
14.0022	11.3444
14.005	11.3398
14.0078	11.3352
14.0119	11.3284
14.0147	11.3239
14.0174	11.3195
14.02	11.315
14.0227	11.3106
14.0266	11.304
14.0292	11.2996
14.0317	11.2952
14.0343	11.2909
14.0368	11.2866
14.0405	11.2801
14.0429	11.2759
14.0453	11.2716
14.0489	11.2653
14.0513	11.2611
14.0548	11.2548
14.0571	11.2507
14.0594	11.2465
14.0616	11.2424
14.065	11.2363
14.0683	11.2302
14.0705	11.2262
14.0737	11.2202
14.0758	11.2162
14.0779	11.2122
14.081	11.2063
14.0831	11.2023
14.0861	11.1964
14.0881	11.1926
14.0911	11.1867
14.0941	11.181
14.096	11.1771
14.0989	11.1714
14.1017	11.1657
14.1036	11.1619
14.1063	11.1563
14.1091	11.1507
14.1118	11.1451
14.1136	11.1414
14.1162	11.1359
14.1188	11.1304
14.1214	11.1249
14.124	11.1195
14.1257	11.1159
14.1282	11.1105
14.1307	11.1051
14.1331	11.0997
14.1356	11.0944
14.138	11.0891
14.1404	11.0838
14.1427	11.0785
14.1451	11.0733
14.1474	11.068
14.1497	11.0628
14.152	11.0576
14.1543	11.0525
14.1573	11.0456
14.1587	11.0422
14.1617	11.0353
14.1639	11.0302
14.1661	11.0251
14.1683	11.02
14.1712	11.0133
14.1733	11.0082
14.1762	11.0015
14.1783	10.9964
14.1804	10.9914
14.1833	10.9847
14.1861	10.978
14.1882	10.973
14.191	10.9664
14.1931	10.9614
14.1959	10.9547
14.1981	10.9497
14.2002	10.9447
14.2023	10.9397
14.2051	10.9331
14.208	10.9264
14.2101	10.9215
14.2123	10.9165
14.2151	10.9098
14.2173	10.9048
14.2195	10.8998
14.2217	10.8948
14.2246	10.888
14.2269	10.883
14.2291	10.878
14.2314	10.8729
14.2337	10.8679
14.236	10.8628
14.2383	10.8577
14.2406	10.8526
14.243	10.8475
14.2453	10.8424
14.2477	10.8372
14.2502	10.8321
14.2526	10.8269
14.2551	10.8217
14.2576	10.8165
14.2601	10.8113
14.2627	10.806
14.2652	10.8008
14.2678	10.7955
14.2704	10.7902
14.2731	10.7849
14.2749	10.7814
14.2775	10.776
14.2802	10.7707
14.2829	10.7653
14.2857	10.76
14.2884	10.7546
14.2912	10.7492
14.294	10.7438
14.2968	10.7384
14.2996	10.7329
14.3015	10.7293
14.3053	10.722
14.3082	10.7165
14.3111	10.7111
14.313	10.7074
14.3159	10.7019
14.3188	10.6964
14.3218	10.6908
14.3247	10.6853
14.3277	10.6798
14.3306	10.6742
14.3336	10.6687
14.3366	10.6631
14.3395	10.6575
14.3425	10.6519
14.3455	10.6463
14.3486	10.6407
14.3516	10.6351
14.3546	10.6295
14.3576	10.6238
14.3606	10.6182
14.3637	10.6126
14.3667	10.6069
14.3697	10.6013
14.3718	10.5975
14.3748	10.5918
14.3778	10.5861
14.3809	10.5805
14.3849	10.5729
14.3869	10.5691
14.39	10.5634
14.393	10.5577
14.396	10.552
14.399	10.5463
14.4021	10.5406
14.4051	10.5349
14.4081	10.5292
14.4101	10.5254
14.4131	10.5197
14.4161	10.514
14.4191	10.5083
14.4211	10.5044
14.424	10.4987
14.427	10.493
14.4299	10.4873
14.4329	10.4816
14.4358	10.4758
14.4387	10.4701
14.4407	10.4663
14.4436	10.4606
14.4464	10.4549
14.4493	10.4492
14.4512	10.4454
14.4541	10.4396
14.4569	10.4339
14.4597	10.4282
14.4616	10.4244
14.4643	10.4187
14.4671	10.413
14.4689	10.4092
14.4717	10.4035
14.4744	10.3978
14.4762	10.394
14.4789	10.3883
14.4815	10.3827
14.4842	10.377
14.4868	10.3713
14.4885	10.3675
14.4911	10.3619
14.4937	10.3562
14.4954	10.3525
14.4979	10.3468
14.5004	10.3412
14.502	10.3374
14.5045	10.3318
14.5061	10.328
14.5085	10.3224
14.5108	10.3168
14.5124	10.3131
14.5147	10.3075
14.517	10.3019
14.5193	10.2963
14.5208	10.2926
14.523	10.287
14.5252	10.2815
14.5266	10.2778
14.5288	10.2723
14.5302	10.2686
14.5322	10.2631
14.5343	10.2576
14.5356	10.2539
14.5376	10.2484
14.5395	10.2429
14.5408	10.2393
14.5427	10.2338
14.5446	10.2284
14.5458	10.2247
14.5476	10.2193
14.5488	10.2157
14.5511	10.2085
14.5523	10.2049
14.5539	10.1995
14.5556	10.1942
14.5567	10.1906
14.5583	10.1852
14.5599	10.1799
14.5614	10.1746
14.5625	10.1711
14.564	10.1658
14.5654	10.1605
14.5669	10.1552
14.5683	10.15
14.5697	10.1448
14.571	10.1395
14.5724	10.1344
14.5737	10.1292
14.575	10.124
14.5758	10.1206
14.5775	10.1137
14.5783	10.1103
14.5795	10.1052
14.5806	10.1001
14.5818	10.0951
14.5833	10.0883
14.5844	10.0833
14.5854	10.0783
14.5865	10.0733
14.5875	10.0683
14.5888	10.0617
14.5898	10.0568
14.5907	10.0519
14.5917	10.047
14.5926	10.0422
14.5938	10.0357
14.5946	10.0309
14.5955	10.0261
14.5963	10.0213
14.5974	10.015
14.5982	10.0103
14.5989	10.0056
14.5999	9.99932
14.6009	9.99313
14.6016	9.98851
14.6023	9.98391
14.6032	9.97782
14.604	9.97177
14.6049	9.96576
14.6055	9.96128
14.6063	9.95535
14.6071	9.94946
14.6076	9.94507
14.6084	9.93926
14.6091	9.9335
14.6098	9.92778
14.6104	9.92211
14.6111	9.91648
14.6117	9.9109
14.6123	9.90537
14.6131	9.89853
14.6135	9.89446
14.6142	9.88774
14.6149	9.8811
14.6155	9.87585
14.6161	9.86935
14.6166	9.86421
14.6173	9.85786
14.6179	9.8516
14.6183	9.84665
14.6189	9.84054
14.6196	9.83332
14.6202	9.8274
14.6209	9.82042
14.6214	9.81469
14.622	9.80906
14.6226	9.80243
14.6232	9.79701
14.6238	9.79167
14.6244	9.78539
14.6251	9.77924
14.6256	9.7752
14.6263	9.76923
14.627	9.76338
14.6275	9.75953
14.6282	9.75385
14.6288	9.74918
14.6296	9.74366
14.6302	9.73912
14.6309	9.73463
14.6315	9.73108
14.6322	9.72669
14.6327	9.72321
14.6333	9.71975
14.6339	9.71632
14.6347	9.71206
14.6353	9.70868
14.6359	9.70532
14.6364	9.70281
14.6373	9.69865
14.6378	9.69616
14.6387	9.69203
14.6394	9.68874
14.6401	9.68547
14.6409	9.68219
14.6417	9.67893
14.6425	9.67567
14.6431	9.67322
14.6442	9.66915
14.6448	9.66671
14.6459	9.66263
14.6468	9.65936
14.6477	9.65609
14.6485	9.65364
14.6494	9.65035
14.6504	9.64705
14.6515	9.64374
14.6525	9.64042
14.6536	9.63708
14.6547	9.63373
14.6558	9.63035
14.657	9.62696
14.6582	9.62354
14.6594	9.6201
14.6603	9.6175
14.6616	9.61401
14.6629	9.61049
14.6642	9.60695
14.6656	9.60337
14.667	9.59975
14.6684	9.5961
14.6698	9.59242
14.6713	9.58869
14.6733	9.58397
14.6752	9.57919
14.6773	9.57434
14.6794	9.56941
14.6811	9.56542
14.6833	9.56035
14.6855	9.5552
14.6874	9.55102
14.6897	9.54571
14.6917	9.5414
14.6941	9.53592
14.6967	9.53034
14.6988	9.52581
14.7014	9.52005
14.7036	9.51537
14.7064	9.50941
14.7081	9.50579
14.711	9.49968
14.7134	9.49472
14.7158	9.48969
14.7188	9.48332
14.7213	9.47815
14.7244	9.47161
14.7263	9.46764
14.7296	9.46095
14.7315	9.45689
14.7348	9.45006
14.7375	9.44453
14.7402	9.43895
14.743	9.43332
14.7457	9.42763
14.7485	9.42189
14.7514	9.4161
14.7542	9.41026
14.7571	9.40438
14.7592	9.39993
14.7629	9.39246
14.765	9.38795
14.768	9.38189
14.7702	9.37732
14.7732	9.37118
14.7762	9.365
14.7792	9.35878
14.7814	9.35409
14.7845	9.3478
14.7868	9.34306
14.7898	9.3367
14.7921	9.33191
14.7944	9.3271
14.7975	9.32066
14.7998	9.3158
14.8029	9.30929
14.8052	9.30439
14.8083	9.29783
14.8107	9.29288
14.813	9.28792
14.8161	9.28128
14.8184	9.27628
14.8208	9.27127
14.8239	9.26456
14.8262	9.25951
14.8286	9.25444
14.8309	9.24937
14.834	9.24257
14.8364	9.23746
14.8387	9.23234
14.841	9.22721
14.8434	9.22206
14.8457	9.2169
14.8488	9.21001
14.8511	9.20482
14.8534	9.19963
14.8557	9.19443
14.858	9.18921
14.8603	9.18399
14.8626	9.17876
14.8657	9.17178
14.8672	9.16828
14.8702	9.16127
14.8717	9.15777
14.8747	9.15074
14.8769	9.14547
14.8792	9.14019
14.8814	9.1349
14.8836	9.12961
14.8858	9.12432
14.888	9.11902
14.8902	9.11371
14.8923	9.10841
14.8945	9.1031
14.8966	9.09779
14.8987	9.09248
14.9008	9.08716
14.9029	9.08185
14.905	9.07653
14.9071	9.07122
14.9092	9.0659
14.9112	9.06059
14.9132	9.05527
14.9152	9.04996
14.9172	9.04465
14.9192	9.03934
14.9211	9.03403
14.9231	9.02872
14.925	9.02342
14.9269	9.01812
14.9288	9.01283
14.9307	9.00754
14.9325	9.00225
14.9344	8.99697
14.9362	8.99169
14.9386	8.98466
14.9399	8.98115
14.9423	8.97413
14.944	8.96888
14.9458	8.96363
14.9476	8.95838
14.95	8.9514
14.9517	8.94618
14.9541	8.93922
14.9558	8.93401
14.9581	8.92707
14.9599	8.92188
14.9622	8.91497
14.9639	8.9098
14.9662	8.90292
14.9679	8.89777
14.9697	8.89263
14.972	8.88579
14.9737	8.88068
14.976	8.87387
14.9777	8.86878
14.9795	8.8637
14.9818	8.85695
14.9835	8.85189
14.9853	8.84685
14.987	8.84182
14.9894	8.83514
14.9912	8.83014
14.9929	8.82516
14.9947	8.82019
14.9965	8.81523
14.9989	8.80864
15.0008	8.80372
15.0026	8.79881
15.0044	8.79391
15.0063	8.78903
15.0082	8.78417
15.0101	8.77932
15.0126	8.77288
15.0139	8.76968
15.0165	8.76328
15.0178	8.7601
15.0204	8.75375
15.0217	8.75058
15.0237	8.74585
15.0257	8.74114
15.0278	8.73645
15.0298	8.73177
15.0319	8.72712
15.034	8.72248
15.0354	8.7194
15.0376	8.7148
15.039	8.71174
15.0412	8.70717
15.0426	8.70413
15.0449	8.69959
15.0463	8.69658
15.0479	8.69358
15.0494	8.69058
15.0509	8.68759
15.0532	8.68313
15.0548	8.68017
15.0563	8.67722
15.0579	8.67428
15.0595	8.67135
15.0611	8.66842
15.0636	8.66406
15.0652	8.66116
15.0668	8.65828
15.0685	8.6554
15.0702	8.65253
15.0719	8.64968
15.0736	8.64683
15.0753	8.644
15.0771	8.64117
15.0788	8.63836
15.0815	8.63416
15.0833	8.63138
15.0851	8.6286
15.0869	8.62584
15.0887	8.62309
15.0906	8.62034
15.0925	8.61762
15.0944	8.6149
15.0963	8.61219
15.0982	8.6095
15.1001	8.60681
15.1021	8.60414
15.1041	8.60148
15.106	8.59883
15.108	8.5962
15.1091	8.59488
15.1111	8.59227
15.1131	8.58966
15.1152	8.58707
15.1173	8.58449
15.1194	8.58192
15.1215	8.57937
15.1237	8.57682
15.1259	8.57429
15.128	8.57178
15.1303	8.56927
15.1325	8.56678
15.1336	8.56554
15.1359	8.56307
15.1381	8.56061
15.1404	8.55816
15.1427	8.55573
15.1451	8.55331
15.1474	8.5509
15.1498	8.54851
15.151	8.54732
15.1534	8.54494
15.1558	8.54258
15.1583	8.54024
15.1607	8.5379
15.1632	8.53558
15.1657	8.53327
15.1683	8.53098
15.1708	8.5287
15.1721	8.52756
15.1747	8.5253
15.1772	8.52305
15.1799	8.52082
15.1825	8.51859
15.1851	8.51639
15.1878	8.51419
15.1905	8.51201
15.1932	8.50984
15.1959	8.50768
15.1986	8.50554
15.2	8.50447
15.2028	8.50235
15.2056	8.50024
15.2084	8.49815
15.2112	8.49606
15.214	8.49399
15.2169	8.49194
15.2198	8.48989
15.2227	8.48786
15.2256	8.48585
15.2285	8.48384
15.2315	8.48185
15.233	8.48086
15.2359	8.47889
15.2389	8.47694
15.2419	8.47499
15.245	8.47306
15.248	8.47114
15.2511	8.46924
15.2542	8.46735
15.2573	8.46547
15.2604	8.46361
15.2635	8.46176
15.2667	8.45992
15.2698	8.4581
15.273	8.45629
15.2762	8.45449
15.2778	8.4536
15.281	8.45182
15.2843	8.45006
15.2875	8.44831
15.2908	8.44657
15.2941	8.44485
15.2974	8.44314
15.3007	8.44144
15.3041	8.43976
15.3074	8.43809
15.3108	8.43643
15.3142	8.43479
15.3176	8.43316
15.321	8.43154
15.3245	8.42994
15.3279	8.42835
15.3296	8.42756
15.3331	8.42599
15.3366	8.42444
15.3401	8.42289
15.3436	8.42136
15.3472	8.41985
15.3507	8.41835
15.3543	8.41686
15.3579	8.41538
15.3615	8.41392
15.3651	8.41247
15.3687	8.41104
15.3724	8.40962
15.376	8.40821
15.3797	8.40682
15.3834	8.40544
15.3889	8.40339
15.3927	8.40204
15.3964	8.40071
15.4001	8.39939
15.4039	8.39808
15.4077	8.39679
15.4134	8.39488
15.4172	8.39362
15.421	8.39237
15.4249	8.39114
15.4307	8.38932
15.4346	8.38812
15.4385	8.38694
15.4443	8.38519
15.4482	8.38404
15.4542	8.38234
15.4581	8.38122
15.4621	8.38012
15.4681	8.37849
15.4721	8.37742
15.4781	8.37584
15.4822	8.37481
15.4862	8.37379
15.4923	8.37228
15.4964	8.37129
15.5005	8.37032
15.5067	8.36889
15.5108	8.36795
15.517	8.36656
15.5212	8.36566
15.5253	8.36477
15.5316	8.36346
15.5358	8.3626
15.5421	8.36134
15.5464	8.36052
15.5506	8.35971
15.557	8.35852
15.5613	8.35775
15.5655	8.35698
15.572	8.35587
15.5763	8.35514
15.5806	8.35443
15.5871	8.35338
15.5915	8.35271
15.5959	8.35204
15.6024	8.35107
15.6068	8.35044
15.6112	8.34982
15.6178	8.34892
15.6223	8.34834
15.6267	8.34777
15.6334	8.34694
15.6378	8.34641
15.6423	8.34589
15.649	8.34514
15.6535	8.34465
15.6581	8.34418
15.6648	8.3435
15.6694	8.34306
15.6739	8.34264
15.6808	8.34203
15.6853	8.34164
15.6899	8.34126
15.6968	8.34072
15.7014	8.34038
15.706	8.34005
15.713	8.33958
15.7176	8.33928
15.7222	8.339
15.7269	8.33872
15.7339	8.33834
15.7386	8.3381
15.7433	8.33787
15.7503	8.33755
15.755	8.33735
15.7597	8.33716
15.7668	8.3369
15.7715	8.33674
15.7763	8.33659
15.7834	8.33639
15.7882	8.33627
15.7953	8.33611
15.8001	8.33602
15.8049	8.33593
15.8121	8.33583
15.8169	8.33577
15.8217	8.33573
15.829	8.33568
15.8338	8.33566
15.8387	8.33564
15.8459	8.33565
15.8508	8.33566
15.8557	8.33568
15.863	8.33573
15.8678	8.33578
15.8727	8.33583
15.8801	8.33593
15.885	8.336
15.8899	8.33609
15.8973	8.33623
15.9022	8.33634
15.9096	8.33651
15.9145	8.33664
15.9195	8.33677
15.9269	8.33699
15.9319	8.33714
15.9368	8.3373
15.9443	8.33756
15.9493	8.33774
15.9568	8.33802
15.9618	8.33821
15.9667	8.33842
15.9743	8.33873
15.9793	8.33895
15.9843	8.33918
15.9918	8.33953
15.9968	8.33977
16.0019	8.34002
16.0094	8.3404
16.0145	8.34067
16.022	8.34107
16.0271	8.34135
16.0321	8.34163
16.0397	8.34206
16.0448	8.34235
16.0524	8.3428
16.0574	8.34311
16.0625	8.34342
16.0701	8.3439
16.0752	8.34422
16.0829	8.34471
16.0879	8.34504
16.093	8.34538
16.1007	8.34589
16.1058	8.34623
16.1134	8.34676
16.1186	8.34711
16.1237	8.34747
16.1313	8.34801
16.1364	8.34838
16.1441	8.34893
16.1492	8.3493
16.1544	8.34967
16.1621	8.35024
16.1672	8.35062
16.1749	8.35119
16.18	8.35158
16.1877	8.35216
16.1928	8.35255
16.2006	8.35314
16.2057	8.35353
16.2108	8.35393
16.2185	8.35452
16.2237	8.35492
16.2314	8.35552
16.2365	8.35591
16.2443	8.35651
16.2494	8.35691
16.2571	8.35752
16.2623	8.35792
16.27	8.35852
16.2751	8.35892
16.2828	8.35952
16.288	8.35992
16.2957	8.36052
16.3008	8.36092
16.306	8.36131
16.3137	8.36191
16.3188	8.3623
16.3266	8.36289
16.3317	8.36328
16.3394	8.36387
16.3445	8.36425
16.3522	8.36483
16.3574	8.36521
16.3625	8.36559
16.3702	8.36616
16.3753	8.36654
16.383	8.36709
16.3882	8.36746
16.3958	8.36801
16.401	8.36837
16.4061	8.36872
16.4137	8.36925
16.4189	8.3696
16.4265	8.37012
16.4316	8.37046
16.4367	8.3708
16.4444	8.37129
16.4495	8.37162
16.4571	8.37211
16.4622	8.37243
16.4699	8.3729
16.475	8.37321
16.48	8.37352
16.4877	8.37397
16.4927	8.37427
16.5004	8.37471
16.5054	8.375
16.513	8.37543
16.5181	8.37571
16.5232	8.37599
16.5308	8.37641
16.5358	8.37668
16.5434	8.37708
16.5485	8.37735
16.556	8.37774
16.5611	8.37799
16.5687	8.37837
16.5737	8.37862
16.5788	8.37887
16.5863	8.37924
16.5914	8.37948
16.5989	8.37983
16.6039	8.38007
16.6115	8.38041
16.6165	8.38064
16.6241	8.38098
16.6291	8.3812
16.6366	8.38152
16.6416	8.38174
16.6492	8.38206
16.6542	8.38227
16.6617	8.38257
16.6667	8.38278
16.6742	8.38308
16.6792	8.38328
16.6867	8.38357
16.6917	8.38376
16.6992	8.38404
16.7042	8.38423
16.7117	8.38451
16.7167	8.38469
16.7242	8.38496
16.7292	8.38513
16.7367	8.3854
16.7417	8.38557
16.7491	8.38582
16.7541	8.38599
16.7616	8.38624
16.7666	8.3864
16.774	8.38665
16.779	8.38681
16.7865	8.38704
16.7914	8.3872
16.7989	8.38743
16.8039	8.38758
16.8113	8.3878
16.8163	8.38795
16.8237	8.38817
16.8287	8.38832
16.8361	8.38853
16.8436	8.38874
16.8485	8.38888
16.856	8.38909
16.8609	8.38923
16.8683	8.38943
16.8733	8.38956
16.8807	8.38976
16.8857	8.38989
16.8931	8.39009
16.898	8.39022
16.9055	8.39041
16.9129	8.3906
16.9178	8.39072
16.9252	8.39091
16.9302	8.39103
16.9376	8.39122
16.9425	8.39134
16.9499	8.39152
16.9573	8.3917
16.9622	8.39182
16.9696	8.392
16.9746	8.39212
16.982	8.3923
16.9869	8.39241
16.9943	8.39259
17.0017	8.39276
17.0066	8.39288
17.014	8.39305
17.0189	8.39317
17.0263	8.39334
17.0337	8.39351
17.0386	8.39363
17.046	8.3938
17.0509	8.39391
17.0583	8.39409
17.0657	8.39426
17.0706	8.39437
17.078	8.39454
17.0829	8.39466
17.0903	8.39483
17.0976	8.39501
17.1026	8.39512
17.1099	8.3953
17.1148	8.39541
17.1222	8.39559
17.1271	8.39571
17.1345	8.39589
17.1419	8.39607
17.1468	8.39619
17.1541	8.39637
17.159	8.39649
17.1664	8.39667
17.1738	8.39686
17.1787	8.39698
17.186	8.39717
17.191	8.39729
17.1983	8.39748
17.2057	8.39768
17.2106	8.39781
17.218	8.398
17.2229	8.39813
17.2302	8.39833
17.2351	8.39846
17.2425	8.39866
17.2499	8.39887
17.2548	8.399
17.2621	8.39921
17.267	8.39934
17.2744	8.39955
17.2793	8.39969
17.2867	8.3999
17.294	8.40012
17.299	8.40026
17.3063	8.40047
17.3112	8.40062
17.3186	8.40084
17.326	8.40106
17.3309	8.4012
17.3383	8.40143
17.3432	8.40157
17.3505	8.4018
17.3555	8.40195
17.3628	8.40218
17.3702	8.40241
17.3751	8.40256
17.3825	8.40279
17.3874	8.40295
17.3948	8.40318
17.4022	8.40342
17.4071	8.40358
17.4145	8.40382
17.4194	8.40398
17.4268	8.40422
17.4318	8.40438
17.4392	8.40463
17.4466	8.40487
17.4515	8.40504
17.4589	8.40529
17.4638	8.40545
17.4712	8.40571
17.4762	8.40587
17.4836	8.40613
17.491	8.40638
17.4959	8.40655
17.5033	8.40681
17.5083	8.40698
17.5157	8.40725
17.5207	8.40742
17.5281	8.40768
17.533	8.40786
17.5405	8.40813
17.5479	8.40839
17.5529	8.40857
17.5603	8.40884
17.5653	8.40902
17.5727	8.40929
17.5777	8.40948
17.5851	8.40975
17.5926	8.41003
17.5976	8.41021
17.605	8.41049
17.61	8.41068
17.6175	8.41096
17.6225	8.41115
17.6299	8.41143
17.6349	8.41162
17.6424	8.41191
17.6474	8.4121
17.6549	8.41239
17.6624	8.41268
17.6674	8.41287
17.6749	8.41317
17.6799	8.41336
17.6874	8.41366
17.6924	8.41386
17.6999	8.41415
17.7049	8.41435
17.7125	8.41465
17.7175	8.41485
17.725	8.41515
17.7301	8.41536
17.7376	8.41566
17.7426	8.41587
17.7502	8.41617
17.7578	8.41648
17.7628	8.41669
17.7704	8.417
17.7754	8.41721
17.783	8.41752
17.788	8.41773
17.7956	8.41804
17.8007	8.41826
17.8083	8.41857
17.8134	8.41879
17.821	8.41911
17.826	8.41932
17.8337	8.41964
17.8387	8.41986
17.8464	8.42018
17.8515	8.4204
17.8591	8.42073
17.8642	8.42095
17.8719	8.42128
17.877	8.4215
17.8846	8.42183
17.8897	8.42205
17.8974	8.42238
17.9025	8.42261
17.9102	8.42294
17.9153	8.42317
17.923	8.42351
17.9282	8.42373
17.9333	8.42396
17.941	8.4243
17.9462	8.42453
17.9539	8.42487
17.9591	8.4251
17.9668	8.42545
17.972	8.42568
17.9797	8.42602
17.9849	8.42626
17.9926	8.4266
17.9978	8.42684
18.0056	8.42718
18.0107	8.42742
18.0185	8.42777
18.0237	8.428
18.0289	8.42824
18.0366	8.42859
18.0418	8.42882
18.0496	8.42917
18.0548	8.42941
18.0626	8.42976
18.0678	8.42999
18.0756	8.43034
18.0807	8.43058
18.0885	8.43093
18.0937	8.43116
18.1015	8.43151
18.1067	8.43175
18.1119	8.43198
18.1197	8.43233
18.1249	8.43256
18.1327	8.43291
18.1378	8.43314
18.1456	8.43349
18.1508	8.43372
18.1586	8.43406
18.1638	8.43429
18.1715	8.43464
18.1767	8.43486
18.1845	8.4352
18.1896	8.43543
18.1948	8.43566
18.2026	8.436
18.2077	8.43622
18.2155	8.43656
18.2206	8.43678
18.2284	8.43711
18.2335	8.43733
18.2413	8.43766
18.2464	8.43788
18.2541	8.43821
18.2593	8.43842
18.267	8.43875
18.2721	8.43896
18.2772	8.43917
18.2849	8.43949
18.29	8.4397
18.2977	8.44001
18.3028	8.44022
18.3104	8.44053
18.3155	8.44073
18.3232	8.44104
18.3282	8.44124
18.3359	8.44154
18.3409	8.44174
18.3485	8.44203
18.3536	8.44223
18.3612	8.44252
18.3662	8.44271
18.3738	8.44299
18.3788	8.44318
18.3863	8.44346
18.3913	8.44364
18.3988	8.44392
18.4038	8.4441
18.4113	8.44436
18.4163	8.44454
18.4238	8.4448
18.4287	8.44497
18.4362	8.44522
18.4436	8.44547
18.4485	8.44564
18.4559	8.44588
18.4608	8.44604
18.4682	8.44627
18.4731	8.44643
18.4804	8.44666
18.4853	8.44681
18.4926	8.44703
18.4999	8.44724
18.5047	8.44738
18.512	8.44759
18.5168	8.44773
18.524	8.44793
18.5288	8.44806
18.536	8.44825
18.5432	8.44843
18.548	8.44856
18.5551	8.44873
18.5622	8.4489
18.5669	8.44902
18.574	8.44918
18.5787	8.44928
18.5857	8.44944
18.5927	8.44958
18.5974	8.44968
18.6043	8.44982
18.6113	8.44995
18.6159	8.45003
18.6228	8.45015
18.6297	8.45027
18.6342	8.45034
18.6411	8.45045
18.6479	8.45054
18.6547	8.45064
18.6592	8.45069
18.6659	8.45077
18.6726	8.45085
18.6793	8.45091
18.6837	8.45096
18.6903	8.45101
18.6969	8.45106
18.7035	8.4511
18.7101	8.45114
18.7144	8.45116
18.7209	8.45118
18.7274	8.4512
18.7338	8.45121
18.7402	8.45121
18.7466	8.45121
18.753	8.4512
18.7572	8.45119
18.7635	8.45117
18.7698	8.45115
18.7761	8.45112
18.7824	8.45108
18.7886	8.45104
18.7948	8.45099
18.801	8.45094
18.8071	8.45088
18.8133	8.45082
18.8194	8.45075
18.8255	8.45067
18.8315	8.45059
18.8376	8.45051
18.8436	8.45042
18.8496	8.45032
18.8556	8.45023
18.8616	8.45012
18.8675	8.45001
18.8755	8.44986
18.8814	8.44974
18.8873	8.44962
18.8931	8.44949
18.899	8.44936
18.9048	8.44923
18.9107	8.44909
18.9184	8.44889
18.9242	8.44875
18.93	8.44859
18.9357	8.44844
18.9434	8.44823
18.9491	8.44806
18.9548	8.4479
18.9605	8.44773
18.9681	8.44749
18.9737	8.44732
18.9794	8.44714
18.9851	8.44695
18.9926	8.44671
18.9982	8.44652
19.0038	8.44633
19.0113	8.44607
19.0168	8.44587
19.0224	8.44567
19.0298	8.4454
19.0354	8.4452
19.0428	8.44492
19.0483	8.44472
19.0539	8.44451
19.0612	8.44422
19.0668	8.44401
19.0741	8.44372
19.0796	8.44351
19.0869	8.44321
19.0924	8.443
19.0979	8.44277
19.1052	8.44248
19.1107	8.44226
19.118	8.44196
19.1235	8.44173
19.1308	8.44144
19.1363	8.44121
19.1436	8.44091
19.149	8.44068
19.1563	8.44038
19.1618	8.44016
19.1691	8.43986
19.1745	8.43963
19.1818	8.43933
19.1873	8.43911
19.1946	8.43881
19.2001	8.43858
19.2074	8.43829
19.2129	8.43807
19.2202	8.43777
19.2257	8.43755
19.233	8.43726
19.2385	8.43705
19.2441	8.43683
19.2514	8.43655
19.2569	8.43634
19.2643	8.43606
19.2699	8.43585
19.2754	8.43564
19.2828	8.43537
19.2884	8.43517
19.2958	8.4349
19.3014	8.43471
19.307	8.43451
19.3145	8.43425
19.3201	8.43406
19.3257	8.43387
19.3332	8.43362
19.3388	8.43343
19.3445	8.43325
19.352	8.43301
19.3577	8.43283
19.3633	8.43265
19.3709	8.43241
19.3765	8.43223
19.3822	8.43206
19.3898	8.43183
19.3955	8.43166
19.4012	8.43149
19.4088	8.43126
19.4145	8.4311
19.4202	8.43093
19.4279	8.43071
19.4336	8.43055
19.4393	8.43039
19.447	8.43018
19.4527	8.43002
19.4585	8.42986
19.4642	8.42971
19.4719	8.4295
19.4777	8.42934
19.4835	8.42919
19.4912	8.42899
19.4969	8.42884
19.5027	8.42869
19.5085	8.42854
19.5162	8.42834
19.522	8.4282
19.5278	8.42805
19.5356	8.42786
19.5414	8.42772
19.5472	8.42757
19.553	8.42743
19.5607	8.42724
19.5666	8.4271
19.5724	8.42696
19.5802	8.42678
19.586	8.42664
19.5918	8.4265
19.5976	8.42636
19.6054	8.42618
19.6113	8.42604
19.6171	8.42591
19.6229	8.42577
19.6307	8.42559
19.6366	8.42546
19.6424	8.42532
19.6502	8.42515
19.6561	8.42501
19.6619	8.42488
19.6678	8.42475
19.6756	8.42457
19.6814	8.42444
19.6873	8.42431
19.6932	8.42418
19.701	8.424
19.7068	8.42387
19.7127	8.42374
19.7205	8.42357
19.7264	8.42344
19.7322	8.4233
19.7381	8.42317
19.7459	8.423
19.7518	8.42287
19.7576	8.42274
19.7635	8.42261
19.7713	8.42243
19.7771	8.4223
19.7849	8.42212
19.7908	8.42199
19.7967	8.42186
19.8025	8.42173
19.8084	8.42159
19.8162	8.42142
19.822	8.42128
19.8279	8.42115
19.8337	8.42102
19.8415	8.42084
19.8473	8.4207
19.8532	8.42057
19.861	8.42038
19.8668	8.42025
19.8726	8.42011
19.8785	8.41997
19.8862	8.41979
19.892	8.41965
19.8979	8.41951
19.9037	8.41937
19.9115	8.41918
19.9173	8.41904
19.9231	8.4189
19.9308	8.41871
19.9367	8.41857
19.9425	8.41843
19.9483	8.41828
19.956	8.41809
19.9618	8.41795
19.9676	8.41781
19.9754	8.41761
19.9812	8.41747
19.987	8.41732
19.9947	8.41713
20.0005	8.41698
20.0063	8.41683
20.0121	8.41669
20.0198	8.41649
20.0256	8.41634
20.0314	8.41619
20.0391	8.416
20.0449	8.41585
20.0506	8.4157
20.0583	8.4155
20.0641	8.41535
20.0699	8.4152
20.0776	8.415
20.0834	8.41485
20.0892	8.4147
20.0969	8.41449
20.1026	8.41434
20.1084	8.41419
20.1142	8.41404
20.1219	8.41383
20.1276	8.41368
20.1334	8.41353
20.1411	8.41333
20.1469	8.41317
20.1526	8.41302
20.1603	8.41281
20.1661	8.41266
20.1718	8.4125
20.1795	8.4123
20.1853	8.41214
20.191	8.41199
20.1987	8.41178
20.2045	8.41163
20.2102	8.41147
20.2179	8.41127
20.2237	8.41111
20.2294	8.41095
20.2371	8.41075
20.2429	8.41059
20.2486	8.41044
20.2563	8.41023
20.2621	8.41007
20.2678	8.40991
20.2755	8.40971
20.2812	8.40955
20.287	8.40939
20.2947	8.40918
20.3004	8.40903
20.3062	8.40887
20.3139	8.40866
20.3196	8.40851
20.3254	8.40835
20.333	8.40814
20.3388	8.40798
20.3445	8.40783
20.3522	8.40762
20.358	8.40746
20.3637	8.40731
20.3714	8.4071
20.3772	8.40694
20.3829	8.40678
20.3906	8.40657
20.3963	8.40642
20.404	8.40621
20.4098	8.40605
20.4155	8.4059
20.4232	8.40569
20.429	8.40553
20.4347	8.40538
20.4424	8.40517
20.4482	8.40502
20.4539	8.40486
20.4597	8.4047
20.4674	8.4045
20.4731	8.40434
20.4808	8.40414
20.4866	8.40398
20.4924	8.40383
20.5	8.40362
20.5058	8.40347
20.5116	8.40331
20.5193	8.40311
20.525	8.40295
20.5308	8.4028
20.5366	8.40264
20.5443	8.40244
20.55	8.40228
20.5558	8.40213
20.5635	8.40193
20.5693	8.40177
20.575	8.40162
20.5827	8.40141
20.5885	8.40126
20.5943	8.40111
20.602	8.4009
20.6077	8.40075
20.6135	8.4006
20.6212	8.4004
20.627	8.40024
20.6328	8.40009
20.6405	8.39989
20.6462	8.39974
20.652	8.39958
20.6597	8.39938
20.6655	8.39923
20.6713	8.39908
20.679	8.39888
20.6847	8.39872
20.6905	8.39857
20.6982	8.39837
20.704	8.39822
20.7098	8.39807
20.7156	8.39792
20.7233	8.39772
20.729	8.39757
20.7348	8.39741
20.7425	8.39721
20.7483	8.39706
20.7541	8.39691
20.7618	8.39671
20.7676	8.39656
20.7734	8.39641
20.7811	8.39621
20.7868	8.39606
20.7926	8.39591
20.8003	8.39571
20.8061	8.39556
20.8119	8.39541
20.8196	8.39521
20.8254	8.39506
20.8312	8.39491
20.837	8.39476
20.8447	8.39457
20.8504	8.39442
20.8562	8.39427
20.8639	8.39407
20.8697	8.39392
20.8755	8.39377
20.8832	8.39357
20.889	8.39342
20.8948	8.39328
20.9025	8.39308
20.9083	8.39293
20.9141	8.39278
20.9218	8.39258
20.9276	8.39244
20.9333	8.39229
20.941	8.39209
20.9468	8.39194
20.9526	8.39179
20.9603	8.3916
20.9661	8.39145
20.9719	8.3913
20.9777	8.39116
20.9854	8.39096
20.9912	8.39081
20.9969	8.39066
21.0047	8.39047
21.0104	8.39032
21.0162	8.39017
21.0239	8.38998
21.0297	8.38983
21.0355	8.38968
21.0432	8.38949
21.049	8.38934
21.0548	8.38919
21.0625	8.389
21.0683	8.38885
21.074	8.3887
21.0818	8.38851
21.0875	8.38836
21.0933	8.38822
21.101	8.38802
21.1068	8.38787
21.1126	8.38773
21.1184	8.38758
21.1261	8.38739
21.1318	8.38724
21.1376	8.38709
21.1453	8.3869
21.1511	8.38675
21.1569	8.3866
21.1646	8.38641
21.1704	8.38626
21.1762	8.38612
21.1839	8.38592
21.1896	8.38577
21.1954	8.38563
21.2031	8.38543
21.2089	8.38528
21.2147	8.38514
21.2224	8.38494
21.2282	8.38479
21.2339	8.38465
21.2417	8.38445
21.2474	8.3843
21.2532	8.38415
21.259	8.38401
21.2667	8.38381
21.2725	8.38366
21.2782	8.38351
21.2859	8.38331
21.2917	8.38317
21.2975	8.38302
21.3052	8.38282
21.311	8.38267
21.3168	8.38252
21.3245	8.38232
21.3302	8.38217
21.336	8.38202
21.3437	8.38182
21.3495	8.38167
21.3553	8.38152
21.363	8.38132
21.3687	8.38117
21.3745	8.38102
21.3822	8.38082
21.388	8.38067
21.3938	8.38052
21.3995	8.38036
21.4072	8.38016
21.413	8.38001
21.4188	8.37986
21.4265	8.37965
21.4323	8.3795
21.438	8.37935
21.4457	8.37914
21.4515	8.37899
21.4573	8.37883
21.465	8.37863
21.4708	8.37847
21.4765	8.37832
21.4842	8.37811
21.49	8.37796
21.4958	8.3778
21.5035	8.37759
21.5093	8.37744
21.515	8.37728
21.5208	8.37712
21.5285	8.37691
21.5343	8.37675
21.54	8.3766
21.5477	8.37638
21.5535	8.37623
21.5593	8.37607
21.567	8.37585
21.5727	8.37569
21.5785	8.37553
21.5862	8.37532
21.592	8.37516
21.5978	8.375
21.6035	8.37483
21.6112	8.37462
21.617	8.37445
21.6228	8.37429
21.6305	8.37407
21.6362	8.37391
21.642	8.37375
21.6497	8.37353
21.6555	8.37336
21.6612	8.3732
21.6689	8.37298
21.6747	8.37281
21.6805	8.37265
21.6882	8.37243
21.6939	8.37226
21.6997	8.37209
21.7074	8.37187
21.7132	8.37171
21.7189	8.37154
21.7266	8.37132
21.7324	8.37115
21.7382	8.37099
21.7459	8.37076
21.7516	8.3706
21.7574	8.37043
21.7651	8.37021
21.7709	8.37005
21.7766	8.36988
21.7824	8.36972
21.7901	8.36949
21.7959	8.36933
21.8017	8.36917
21.8093	8.36895
21.8151	8.36878
21.8209	8.36862
21.8286	8.3684
21.8344	8.36824
21.8401	8.36807
21.8478	8.36786
21.8536	8.36769
21.8594	8.36753
21.8671	8.36732
21.8728	8.36716
21.8786	8.367
21.8863	8.36678
21.8921	8.36662
21.8979	8.36647
21.9036	8.36631
21.9113	8.3661
21.9171	8.36594
21.9229	8.36578
21.9306	8.36558
21.9364	8.36542
21.9421	8.36527
21.9498	8.36506
21.9556	8.36491
21.9614	8.36476
21.9672	8.36461
21.9749	8.36441
21.9806	8.36426
21.9864	8.36411
21.9941	8.36391
21.9999	8.36376
22.0057	8.36362
22.0134	8.36342
22.0192	8.36328
22.0249	8.36314
22.0307	8.36299
22.0384	8.36281
22.0442	8.36267
22.05	8.36253
22.0577	8.36234
22.0635	8.36221
22.0693	8.36207
22.0751	8.36193
22.0828	8.36176
22.0886	8.36162
22.0943	8.36149
22.1021	8.36132
22.1078	8.36119
22.1136	8.36106
22.1194	8.36094
22.1271	8.36077
22.1329	8.36065
22.1387	8.36053
22.1464	8.36036
22.1522	8.36024
22.158	8.36013
22.1638	8.36001
22.1715	8.35986
22.1773	8.35974
22.1831	8.35963
22.1908	8.35948
22.1966	8.35938
22.2024	8.35927
22.2082	8.35916
22.2159	8.35902
22.2217	8.35892
22.2275	8.35882
22.2333	8.35871
22.241	8.35858
22.2468	8.35848
22.2526	8.35838
22.2604	8.35825
22.2662	8.35815
22.272	8.35806
22.2797	8.35793
22.2855	8.35783
22.2913	8.35774
22.2971	8.35764
22.3048	8.35752
22.3106	8.35742
22.3164	8.35733
22.3241	8.3572
22.3299	8.3571
22.3357	8.35701
22.3435	8.35688
22.3493	8.35679
22.3551	8.35669
22.3609	8.35659
22.3686	8.35646
22.3744	8.35636
22.3802	8.35627
22.3879	8.35613
22.3937	8.35603
22.3995	8.35593
22.4072	8.35579
22.413	8.35569
22.4188	8.35558
22.4246	8.35548
22.4323	8.35533
22.4381	8.35523
22.4439	8.35511
22.4497	8.355
22.4574	8.35485
22.4632	8.35473
22.469	8.35462
22.4767	8.35446
22.4825	8.35433
22.4883	8.35421
22.4941	8.35409
22.5018	8.35391
22.5076	8.35378
22.5134	8.35365
22.5192	8.35352
22.5269	8.35333
22.5327	8.35319
22.5384	8.35305
22.5442	8.3529
22.5519	8.3527
22.5577	8.35255
22.5635	8.3524
22.5692	8.35224
22.5769	8.35202
22.5827	8.35186
22.5885	8.35169
22.5943	8.35152
22.6	8.35135
22.6077	8.35111
22.6135	8.35093
22.6192	8.35074
22.625	8.35055
22.6327	8.3503
22.6384	8.3501
22.6442	8.3499
22.65	8.34969
22.6557	8.34949
22.6634	8.3492
22.6691	8.34898
22.6749	8.34876
22.6806	8.34854
22.6883	8.34823
22.694	8.34799
22.6998	8.34775
22.7055	8.34751
22.7112	8.34726
22.7189	8.34692
22.7246	8.34666
22.7304	8.3464
22.7361	8.34613
22.7418	8.34586
22.7495	8.34548
22.7552	8.3452
22.7609	8.34491
22.7666	8.34461
22.7723	8.34431
22.78	8.3439
22.7857	8.34359
22.7914	8.34327
22.7971	8.34295
22.8047	8.34251
22.8104	8.34218
22.8161	8.34185
22.8218	8.34151
22.8294	8.34105
22.8351	8.34071
22.8427	8.34024
22.8484	8.33989
22.8541	8.33954
22.8598	8.33918
22.8674	8.33871
22.8731	8.33835
22.8788	8.33799
22.8845	8.33763
22.8921	8.33715
22.8978	8.33679
22.9035	8.33643
22.9111	8.33595
22.9187	8.33547
22.9225	8.33523
22.9301	8.33476
22.9358	8.3344
22.9415	8.33405
22.9491	8.33358
22.9548	8.33323
22.9624	8.33277
22.9681	8.33243
22.9738	8.33209
22.9795	8.33176
22.9852	8.33143
22.9928	8.33099
22.9985	8.33067
23.0042	8.33035
23.0119	8.32993
23.0176	8.32963
23.0233	8.32933
23.029	8.32903
23.0347	8.32874
23.0405	8.32846
23.0481	8.32809
23.0538	8.32782
23.0596	8.32756
23.0653	8.3273
23.071	8.32706
23.0768	8.32682
23.0825	8.32658
23.0883	8.32636
23.094	8.32614
23.1017	8.32587
23.1075	8.32567
23.1132	8.32549
23.119	8.32531
23.1248	8.32514
23.1305	8.32499
23.1363	8.32484
23.1421	8.3247
23.1479	8.32458
23.1537	8.32446
23.1595	8.32436
23.1653	8.32427
23.1711	8.32418
23.1769	8.32412
23.1827	8.32406
23.1885	8.32401
23.1943	8.32398
23.2002	8.32396
23.206	8.32396
23.2118	8.32396
23.2177	8.32398
23.2235	8.32402
23.2294	8.32407
23.2333	8.32411
23.2411	8.32421
23.245	8.32427
23.2509	8.32437
23.2568	8.32449
23.2626	8.32462
23.2685	8.32477
23.2725	8.32488
23.2784	8.32505
23.2863	8.32531
23.2902	8.32545
23.2961	8.32568
23.3021	8.32592
23.308	8.32618
23.3139	8.32646
23.3179	8.32665
23.3239	8.32696
23.3298	8.32728
23.3358	8.32763
23.3418	8.32799
23.3457	8.32824
23.3517	8.32864
23.3577	8.32905
23.3617	8.32934
23.3677	8.32979
23.3738	8.33025
23.3798	8.33074
23.3858	8.33125
23.3898	8.3316
23.3958	8.33214
23.4019	8.3327
23.4079	8.33329
23.412	8.33369
23.418	8.33431
23.4241	8.33495
23.4281	8.33539
23.4341	8.33607
23.4402	8.33677
23.4442	8.33725
23.4503	8.33799
23.4543	8.3385
23.4603	8.33927
23.4664	8.34007
23.4724	8.3409
23.4765	8.34146
23.4825	8.34233
23.4885	8.34322
23.4926	8.34382
23.4986	8.34475
23.5026	8.34538
23.5086	8.34635
23.5146	8.34735
23.5186	8.34803
23.5246	8.34907
23.5286	8.34977
23.5346	8.35085
23.5406	8.35196
23.5446	8.35271
23.5505	8.35386
23.5545	8.35464
23.5605	8.35584
23.5664	8.35706
23.5703	8.35789
23.5763	8.35916
23.5802	8.36002
23.5861	8.36133
23.59	8.36222
23.5959	8.36358
23.5998	8.36451
23.6056	8.36591
23.6095	8.36687
23.6153	8.36832
23.6212	8.36981
23.625	8.37081
23.6308	8.37235
23.6346	8.37338
23.6404	8.37497
23.6442	8.37604
23.6499	8.37767
23.6537	8.37878
23.6594	8.38046
23.6632	8.3816
23.6688	8.38333
23.6726	8.38451
23.6763	8.38569
23.6819	8.3875
23.6856	8.38872
23.6894	8.38996
23.6949	8.39184
23.6986	8.39311
23.7023	8.3944
23.7059	8.3957
23.7096	8.39701
23.715	8.39901
23.7186	8.40036
23.7223	8.40173
23.7259	8.40311
23.7294	8.4045
23.733	8.40591
23.7366	8.40734
23.7401	8.40878
23.7419	8.40951
23.7454	8.41097
23.749	8.41245
23.7525	8.41394
23.7559	8.41545
23.7594	8.41697
23.7629	8.41851
23.7663	8.42006
23.7698	8.42163
23.7732	8.42322
23.7766	8.42482
23.78	8.42644
23.7834	8.42807
23.7851	8.42889
23.7884	8.43055
23.7918	8.43222
23.7951	8.43391
23.7984	8.43561
23.8017	8.43733
23.805	8.43907
23.8083	8.44082
23.8115	8.44259
23.8131	8.44348
23.8163	8.44528
23.8196	8.44709
23.8228	8.44892
23.8259	8.45076
23.8291	8.45262
23.8322	8.4545
23.8338	8.45544
23.8369	8.45734
23.84	8.45926
23.8431	8.4612
23.8462	8.46315
23.8477	8.46414
23.8507	8.46612
23.8537	8.46811
23.8567	8.47013
23.8597	8.47216
23.8627	8.4742
23.8656	8.47627
23.8671	8.47731
23.87	8.4794
23.8729	8.48151
23.8758	8.48364
23.8786	8.48578
23.8801	8.48686
23.8829	8.48903
23.8857	8.49122
23.8885	8.49343
23.8899	8.49454
23.8926	8.49678
23.8954	8.49903
23.8981	8.5013
23.8994	8.50244
23.9021	8.50474
23.9048	8.50706
23.9074	8.50939
23.9088	8.51056
23.9114	8.51293
23.914	8.51531
23.9165	8.51771
23.9178	8.51891
23.9203	8.52134
23.9229	8.52378
23.9254	8.52625
23.9278	8.52873
23.9291	8.52997
23.9315	8.53248
23.934	8.535
23.9364	8.53754
23.9376	8.53882
23.9399	8.54139
23.9423	8.54397
23.9447	8.54657
23.947	8.54919
23.9493	8.55182
23.9504	8.55315
23.9527	8.55581
23.955	8.55848
23.9572	8.56118
23.9595	8.56388
23.9617	8.56661
23.9639	8.56935
23.965	8.57073
23.9671	8.57349
23.9693	8.57627
23.9714	8.57907
23.9735	8.58188
23.9757	8.58471
23.9777	8.58755
23.9798	8.59041
23.9819	8.59328
23.9839	8.59617
23.986	8.59908
23.987	8.60053
23.989	8.60346
23.991	8.6064
23.993	8.60936
23.9949	8.61233
23.9969	8.61531
23.9988	8.61831
24.0007	8.62132
24.0027	8.62435
24.0046	8.62739
24.0065	8.63044
24.0083	8.63351
24.0102	8.6366
24.0121	8.63969
24.0139	8.6428
24.0157	8.64592
24.0175	8.64906
24.0202	8.65379
24.022	8.65696
24.0238	8.66014
24.0256	8.66333
24.0282	8.66815
24.03	8.67137
24.0317	8.67461
24.0343	8.67949
24.036	8.68276
24.0386	8.68769
24.0411	8.69264
24.0436	8.69762
24.0453	8.70095
24.0477	8.70598
24.0502	8.71103
24.0518	8.7144
24.0543	8.71949
24.0567	8.72461
24.0591	8.72975
24.0607	8.73319
24.0631	8.73836
24.0655	8.74357
24.0678	8.74879
24.0702	8.75404
24.0725	8.7593
24.074	8.76283
24.0764	8.76813
24.0787	8.77346
24.081	8.77881
24.0833	8.78418
24.0856	8.78956
24.0878	8.79497
24.0901	8.8004
24.0924	8.80584
24.0947	8.81131
24.0969	8.81679
24.0992	8.82229
24.1014	8.82781
24.1037	8.83335
24.1059	8.8389
24.1082	8.84447
24.1105	8.85006
24.1127	8.85566
24.115	8.86128
24.1172	8.86692
24.1195	8.87256
24.1218	8.87823
24.124	8.8839
24.1263	8.88959
24.1286	8.8953
24.1309	8.90101
24.134	8.90866
24.1363	8.9144
24.1386	8.92016
24.1409	8.92593
24.1432	8.93171
24.1448	8.93557
24.1472	8.94137
24.1495	8.94718
24.1519	8.953
24.1543	8.95883
24.1567	8.96467
24.1591	8.97051
24.1608	8.97442
24.1632	8.98028
24.1657	8.98615
24.1681	8.99202
24.1706	8.99791
24.1723	9.00183
24.1749	9.00773
24.1774	9.01363
24.1791	9.01757
24.1817	9.02348
24.1843	9.02939
24.1861	9.03334
24.1887	9.03926
24.1913	9.04518
24.1931	9.04914
24.1958	9.05506
24.1985	9.06099
24.2003	9.06495
24.203	9.07088
24.2058	9.0768
24.2076	9.08076
24.2104	9.08668
24.2132	9.09261
24.215	9.09655
24.2178	9.10247
24.2206	9.10838
24.2225	9.11232
24.2254	9.11823
24.2282	9.12412
24.2301	9.12805
24.233	9.13394
24.2359	9.13981
24.2387	9.14568
24.2407	9.14959
24.2436	9.15544
24.2465	9.16128
24.2484	9.16517
24.2513	9.17099
24.2542	9.1768
24.2572	9.18259
24.2591	9.18645
24.2621	9.19222
24.265	9.19798
24.268	9.20372
24.2699	9.20753
24.2729	9.21325
24.2758	9.21894
24.2788	9.22462
24.2817	9.23027
24.2837	9.23403
24.2866	9.23965
24.2896	9.24526
24.2926	9.25084
24.2955	9.25639
24.2985	9.26193
24.3014	9.26744
24.3034	9.2711
24.3063	9.27657
24.3093	9.28201
24.3122	9.28743
24.3151	9.29282
24.318	9.29818
24.321	9.30351
24.3239	9.30882
24.3268	9.31409
24.3297	9.31934
24.3326	9.32455
24.3355	9.32973
24.3383	9.33488
24.3412	9.33999
24.344	9.34507
24.3469	9.35011
24.3497	9.35512
24.3535	9.36175
24.3563	9.36667
24.359	9.37156
24.3618	9.3764
24.3646	9.38121
24.3682	9.38756
24.371	9.39227
24.3737	9.39695
24.3772	9.40311
24.3799	9.40768
24.3834	9.41371
24.3861	9.41818
24.3895	9.42407
24.3921	9.42843
24.3955	9.43417
24.3981	9.43842
24.4014	9.44401
24.4047	9.44951
24.4071	9.45358
24.4104	9.45892
24.4136	9.46417
24.4167	9.46933
24.4198	9.47438
24.4228	9.47934
24.4258	9.48421
24.4288	9.48897
24.4317	9.49362
24.4352	9.4993
24.438	9.50371
24.4414	9.50909
24.444	9.51326
24.4473	9.51832
24.4504	9.5232
24.4535	9.5279
24.4564	9.53243
24.4593	9.5368
24.4626	9.54184
24.4658	9.54666
24.4689	9.55128
24.4723	9.55644
24.4756	9.56136
24.4791	9.56671
24.4821	9.57118
24.4853	9.57607
24.4876	9.5796
24.4898	9.58302
24.4916	9.58581
24.4933	9.58854
24.4946	9.59069
24.4962	9.59333
24.4974	9.59542
24.4986	9.59749
24.4998	9.59954
24.5009	9.60158
24.502	9.60361
24.5031	9.60563
24.5038	9.60714
24.5049	9.60916
24.5056	9.61068
24.5065	9.61271
24.5072	9.61424
24.5079	9.61577
24.5086	9.61731
24.5095	9.61939
24.5101	9.62096
24.5107	9.62254
24.5113	9.62414
24.5119	9.62575
24.5127	9.62793
24.5133	9.62959
24.5138	9.63127
24.5144	9.63297
24.5149	9.6347
24.5156	9.63704
24.5161	9.63883
24.5166	9.64065
24.5173	9.64312
24.5178	9.64502
24.5182	9.64695
24.5188	9.64957
24.5193	9.65159
24.5199	9.65434
24.5205	9.65716
24.5209	9.65932
24.5215	9.66228
24.522	9.66532
24.5224	9.66766
24.523	9.67086
24.5235	9.67415
24.5241	9.67753
24.5246	9.68102
24.5251	9.68461
24.5256	9.6883
24.5262	9.69211
24.5268	9.69703
24.5273	9.7011
24.528	9.70636
24.5286	9.71182
24.5293	9.71748
24.53	9.72336
24.5305	9.72821
24.5312	9.73449
24.5318	9.73967
24.5325	9.74637
24.533	9.75189
24.5336	9.75757
24.5342	9.76339
24.5348	9.76935
24.5354	9.77545
24.5361	9.7817
24.5367	9.78808
24.5373	9.79459
24.5378	9.79956
24.5385	9.80629
24.5391	9.81316
24.5396	9.81839
24.5403	9.82546
24.5408	9.83085
24.5415	9.83814
24.542	9.84368
24.5426	9.84928
24.5433	9.85684
24.5438	9.86259
24.5443	9.8684
24.5449	9.87426
24.5454	9.88018
24.5461	9.88816
24.5467	9.89422
24.5473	9.90032
24.5478	9.90648
24.5484	9.91269
24.5489	9.91895
24.5495	9.92526
24.5501	9.93162
24.5506	9.93803
24.5512	9.94448
24.5518	9.95098
24.5524	9.95753
24.5528	9.96191
24.5534	9.96853
24.5539	9.97518
24.5545	9.98188
24.5551	9.98861
24.5557	9.99539
24.5561	9.99992
24.5567	10.0068
24.5573	10.0136
24.5579	10.0205
24.5583	10.0252
24.5589	10.0321
24.5595	10.0391
24.5602	10.0461
24.5606	10.0508
24.5612	10.0579
24.5618	10.065
24.5622	10.0697
24.5628	10.0769
24.5634	10.084
24.5639	10.0888
24.5645	10.096
24.5651	10.1032
24.5655	10.1081
24.5661	10.1153
24.5668	10.1226
24.5672	10.1274
24.5678	10.1348
24.5682	10.1396
24.5689	10.147
24.5695	10.1543
24.5699	10.1592
24.5705	10.1666
24.571	10.1715
24.5716	10.1789
24.5722	10.1863
24.5727	10.1912
24.5733	10.1986
24.5737	10.2035
24.5743	10.2109
24.5748	10.2159
24.5754	10.2233
24.576	10.2307
24.5765	10.2357
24.5771	10.2431
24.5775	10.2481
24.5782	10.2555
24.5786	10.2604
24.5792	10.2679
24.5798	10.2753
24.5803	10.2802
24.5809	10.2876
24.5813	10.2926
24.582	10.3
24.5826	10.3073
24.583	10.3123
24.5836	10.3196
24.5841	10.3245
24.5847	10.3319
24.5851	10.3368
24.5858	10.3441
24.5864	10.3514
24.5868	10.3563
24.5874	10.3636
24.5881	10.3709
24.5885	10.3757
24.5891	10.3829
24.5895	10.3878
24.5901	10.395
24.5908	10.4021
24.5912	10.4069
24.5918	10.4141
24.5924	10.4212
24.5928	10.4259
24.5934	10.433
24.594	10.4401
24.5946	10.4471
24.5951	10.4518
24.5957	10.4588
24.5963	10.4658
24.5967	10.4704
24.5973	10.4774
24.5979	10.4843
24.5985	10.4912
24.5991	10.4981
24.5995	10.5027
24.6001	10.5096
24.6007	10.5164
24.6013	10.5232
24.6017	10.5278
24.6023	10.5346
24.6029	10.5414
24.6035	10.5481
24.6041	10.5549
24.6047	10.5616
24.6051	10.5661
24.6057	10.5728
24.6062	10.5794
24.6068	10.5861
24.6074	10.5928
24.608	10.5994
24.6086	10.606
24.609	10.6104
24.6096	10.617
24.6102	10.6236
24.6107	10.6302
24.6113	10.6368
24.6119	10.6433
24.6125	10.6498
24.6131	10.6564
24.6136	10.6629
24.6142	10.6694
24.6148	10.6758
24.6154	10.6823
24.616	10.6888
24.6165	10.6952
24.6169	10.6995
24.6175	10.706
24.6181	10.7124
24.6186	10.7188
24.6192	10.7252
24.6198	10.7316
24.6204	10.738
24.6209	10.7444
24.6215	10.7508
24.6221	10.7571
24.6226	10.7635
24.6232	10.7698
24.6238	10.7762
24.6243	10.7825
24.6249	10.7888
24.6255	10.7952
24.626	10.8015
24.6266	10.8078
24.6272	10.8141
24.6279	10.8225
24.6285	10.8288
24.6291	10.8351
24.6296	10.8414
24.6302	10.8476
24.6308	10.8539
24.6313	10.8602
24.6319	10.8665
24.6325	10.8727
24.633	10.879
24.6336	10.8853
24.6342	10.8915
24.6347	10.8978
24.6353	10.9041
24.6358	10.9103
24.6364	10.9166
24.637	10.9229
24.6375	10.9291
24.6381	10.9354
24.6387	10.9416
24.6392	10.9479
24.64	10.9563
24.6405	10.9625
24.6411	10.9688
24.6417	10.9751
24.6422	10.9813
24.6428	10.9876
24.6434	10.9939
24.6439	11.0002
24.6445	11.0064
24.6451	11.0127
24.6456	11.019
24.6462	11.0253
24.6468	11.0316
24.6473	11.0379
24.6479	11.0442
24.6485	11.0506
24.649	11.0569
24.6496	11.0632
24.6502	11.0695
24.6507	11.0759
24.6513	11.0822
24.6519	11.0886
24.6525	11.095
24.653	11.1013
24.6536	11.1077
24.6542	11.1141
24.6547	11.1204
24.6553	11.1268
24.6559	11.1332
24.6565	11.1396
24.657	11.146
24.6576	11.1524
24.6582	11.1589
24.6587	11.1653
24.6593	11.1717
24.6599	11.1781
24.6605	11.1846
24.661	11.191
24.6616	11.1974
24.6622	11.2039
24.6628	11.2103
24.6633	11.2168
24.6639	11.2232
24.6645	11.2297
24.6651	11.2362
24.6656	11.2426
24.6662	11.2491
24.6668	11.2556
24.6672	11.2599
24.6678	11.2664
24.6683	11.2729
24.6689	11.2794
24.6695	11.2859
24.6701	11.2924
24.6707	11.2989
24.6712	11.3054
24.6718	11.3119
24.6724	11.3184
24.673	11.3249
24.6736	11.3314
24.6741	11.338
24.6747	11.3445
24.6753	11.351
24.6757	11.3554
24.6763	11.3619
24.6768	11.3684
24.6774	11.375
24.678	11.3815
24.6786	11.3881
24.6792	11.3946
24.6798	11.4011
24.6803	11.4077
24.6809	11.4142
24.6815	11.4208
24.6819	11.4252
24.6825	11.4317
24.683	11.4383
24.6836	11.4448
24.6842	11.4514
24.6848	11.4579
24.6854	11.4645
24.686	11.4711
24.6865	11.4776
24.6871	11.4842
24.6877	11.4908
24.6883	11.4973
24.6887	11.5017
24.6893	11.5083
24.6898	11.5148
24.6904	11.5214
24.691	11.528
24.6916	11.5346
24.6922	11.5411
24.6928	11.5477
24.6933	11.5543
24.6939	11.5608
24.6945	11.5674
24.6949	11.5718
24.6955	11.5784
24.6961	11.5849
24.6966	11.5915
24.6972	11.5981
24.6978	11.6047
24.6984	11.6112
24.699	11.6178
24.6996	11.6244
24.7001	11.6309
24.7007	11.6375
24.7011	11.6419
24.7017	11.6485
24.7023	11.655
24.7029	11.6616
24.7034	11.6682
24.704	11.6747
24.7046	11.6813
24.7052	11.6878
24.7058	11.6944
24.7064	11.701
24.7069	11.7075
24.7073	11.7119
24.7079	11.7185
24.7085	11.725
24.7091	11.7316
24.7097	11.7381
24.7102	11.7447
24.7108	11.7512
24.7114	11.7577
24.712	11.7643
24.7126	11.7708
24.7132	11.7774
24.7137	11.7839
24.7143	11.7904
24.7147	11.7948
24.7153	11.8013
24.7159	11.8079
24.7164	11.8144
24.717	11.8209
24.7176	11.8275
24.7182	11.834
24.7188	11.8405
24.7193	11.8471
24.7199	11.8536
24.7205	11.8601
24.7211	11.8666
24.7217	11.8731
24.7222	11.8797
24.7226	11.884
24.7232	11.8905
24.7238	11.897
24.7244	11.9036
24.725	11.9101
24.7255	11.9166
24.7261	11.9231
24.7267	11.9296
24.7273	11.9361
24.7279	11.9426
24.7284	11.9491
24.729	11.9557
24.7296	11.9622
24.7302	11.9687
24.7307	11.9752
24.7313	11.9817
24.7317	11.986
24.7323	11.9925
24.7329	11.999
24.7334	12.0055
24.734	12.012
24.7346	12.0185
24.7352	12.025
24.7358	12.0315
24.7363	12.038
24.7369	12.0445
24.7375	12.051
24.7381	12.0575
24.7387	12.064
24.7392	12.0705
24.7398	12.077
24.7404	12.0835
24.741	12.09
24.7414	12.0943
24.7419	12.1008
24.7425	12.1073
24.7431	12.1138
24.7437	12.1203
24.7442	12.1268
24.7448	12.1333
24.7454	12.1398
24.746	12.1463
24.7466	12.1528
24.7471	12.1592
24.7477	12.1657
24.7483	12.1722
24.7489	12.1787
24.7495	12.1852
24.75	12.1917
24.7506	12.1982
24.7512	12.2047
24.7518	12.2112
24.7521	12.2155
24.7527	12.222
24.7533	12.2285
24.7539	12.235
24.7545	12.2414
24.755	12.2479
24.7556	12.2544
24.7562	12.2609
24.7568	12.2674
24.7574	12.2739
24.7579	12.2804
24.7585	12.2869
24.7591	12.2934
24.7597	12.2999
24.7602	12.3063
24.7608	12.3128
24.7614	12.3193
24.762	12.3258
24.7624	12.3301
24.7629	12.3366
24.7635	12.3431
24.7641	12.3496
24.7647	12.3561
24.7653	12.3626
24.766	12.3713
24.7664	12.3756
24.767	12.3821
24.7676	12.3886
24.7681	12.3951
24.7687	12.4016
24.7693	12.4081
24.7699	12.4146
24.7705	12.4211
24.771	12.4276
24.7716	12.4341
24.7722	12.4406
24.7726	12.4449
24.7734	12.4536
24.7737	12.4579
24.7743	12.4644
24.7749	12.4709
24.7755	12.4774
24.7761	12.4839
24.7766	12.4904
24.7772	12.4969
24.7778	12.5034
24.7784	12.5099
24.7789	12.5164
24.7795	12.5229
24.7801	12.5294
24.7807	12.5359
24.7813	12.5424
24.7818	12.5489
24.7822	12.5532
24.7828	12.5597
24.7834	12.5663
24.784	12.5728
24.7845	12.5793
24.7851	12.5858
24.7857	12.5923
24.7863	12.5988
24.7869	12.6053
24.7874	12.6118
24.788	12.6183
24.7886	12.6248
24.7892	12.6313
24.7898	12.6378
24.7903	12.6443
24.7909	12.6508
24.7915	12.6573
24.7919	12.6617
24.7925	12.6682
24.7932	12.6769
24.7938	12.6834
24.7942	12.6877
24.7948	12.6942
24.7954	12.7007
24.7959	12.7072
24.7965	12.7138
24.7971	12.7203
24.7977	12.7268
24.7983	12.7333
24.7988	12.7398
24.7994	12.7463
24.8	12.7528
24.8006	12.7593
24.801	12.7637
24.8015	12.7702
24.8023	12.7789
24.8029	12.7854
24.8033	12.7897
24.8039	12.7962
24.8044	12.8027
24.805	12.8092
24.8056	12.8157
24.8062	12.8223
24.8067	12.8288
24.8073	12.8353
24.8079	12.8418
24.8085	12.8483
24.8091	12.8548
24.8096	12.8613
24.81	12.8657
24.8106	12.8722
24.8112	12.8787
24.812	12.8874
24.8123	12.8917
24.8129	12.8982
24.8135	12.9047
24.8141	12.9112
24.8147	12.9178
24.8152	12.9243
24.8158	12.9308
24.8164	12.9373
24.817	12.9438
24.8176	12.9503
24.8179	12.9547
24.8185	12.9612
24.8191	12.9677
24.8197	12.9742
24.8203	12.9807
24.821	12.9894
24.8214	12.9937
24.822	13.0002
24.8226	13.0067
24.8232	13.0133
24.8237	13.0198
24.8243	13.0263
24.8249	13.0328
24.8255	13.0393
24.8261	13.0458
24.8266	13.0523
24.8272	13.0588
24.8278	13.0653
24.8282	13.0697
24.8288	13.0762
24.8293	13.0827
24.8301	13.0914
24.8305	13.0957
24.8311	13.1022
24.8317	13.1087
24.8322	13.1152
24.8328	13.1217
24.8334	13.1283
24.834	13.1348
24.8346	13.1413
24.8351	13.1478
24.8357	13.1543
24.8363	13.1608
24.8367	13.1651
24.8373	13.1716
24.8378	13.1782
24.8384	13.1847
24.8392	13.1933
24.8396	13.1977
24.8402	13.2042
24.8407	13.2107
24.8413	13.2172
24.8419	13.2237
24.8425	13.2302
24.8431	13.2367
24.8436	13.2432
24.8442	13.2497
24.8448	13.2562
24.8454	13.2628
24.8459	13.2693
24.8463	13.2736
24.8469	13.2801
24.8475	13.2866
24.8483	13.2953
24.8487	13.2996
24.8492	13.3061
24.8498	13.3126
24.8504	13.3191
24.851	13.3256
24.8515	13.3322
24.8521	13.3387
24.8527	13.3452
24.8533	13.3517
24.8539	13.3582
24.8544	13.3647
24.8548	13.369
24.8554	13.3755
24.856	13.382
24.8566	13.3885
24.8573	13.3972
24.8577	13.4016
24.8583	13.4081
24.8589	13.4146
24.8595	13.4211
24.86	13.4276
24.8606	13.4341
24.8612	13.4406
24.8618	13.4471
24.8624	13.4536
24.8629	13.4601
24.8635	13.4666
24.8639	13.4709
24.8647	13.4796
24.8651	13.484
24.8656	13.4905
24.8664	13.4991
24.8668	13.5035
24.8674	13.51
24.868	13.5165
24.8685	13.523
24.8691	13.5295
24.8697	13.536
24.8703	13.5425
24.8709	13.549
24.8714	13.5555
24.872	13.562
24.8726	13.5685
24.873	13.5729
24.8736	13.5794
24.8741	13.5859
24.8747	13.5924
24.8753	13.5989
24.8761	13.6076
24.8765	13.6119
24.877	13.6184
24.8776	13.6249
24.8782	13.6314
24.8788	13.6379
24.8793	13.6444
24.8799	13.6509
24.8805	13.6574
24.8811	13.6639
24.8817	13.6705
24.8822	13.677
24.8826	13.6813
24.8832	13.6878
24.8838	13.6943
24.8844	13.7008
24.8851	13.7095
24.8857	13.716
24.8861	13.7203
24.8867	13.7268
24.8873	13.7333
24.8878	13.7398
24.8884	13.7464
24.889	13.7529
24.8896	13.7594
24.8902	13.7659
24.8907	13.7724
24.8913	13.7789
24.8919	13.7854
24.8923	13.7897
24.8929	13.7962
24.8934	13.8027
24.8942	13.8114
24.8948	13.8179
24.8952	13.8223
24.8958	13.8288
24.8963	13.8353
24.8969	13.8418
24.8975	13.8483
24.8981	13.8548
24.8986	13.8613
24.8992	13.8678
24.8998	13.8743
24.9004	13.8808
24.901	13.8873
24.9014	13.8917
24.9021	13.9003
24.9025	13.9047
24.9031	13.9112
24.9039	13.9199
24.9044	13.9264
24.9048	13.9307
24.9054	13.9372
24.906	13.9437
24.9066	13.9502
24.9071	13.9567
24.9077	13.9632
24.9083	13.9697
24.9089	13.9763
24.9095	13.9828
