13.9977	12.9932
13.9977	12.9932
13.9975	12.9931
13.9973	12.9931
13.997	12.9931
13.9967	12.993
13.9964	12.993
13.996	12.9929
13.9955	12.9929
13.9949	12.9928
13.9942	12.9926
13.9934	12.9925
13.9927	12.9924
13.9917	12.9923
13.9907	12.9921
13.9895	12.9919
13.9882	12.9917
13.9868	12.9914
13.9853	12.9911
13.9836	12.9909
13.9818	12.9905
13.9799	12.9902
13.9779	12.9898
13.9756	12.9894
13.9734	12.9889
13.9709	12.9884
13.9684	12.9879
13.9658	12.9874
13.9629	12.9868
13.9599	12.9862
13.9568	12.9855
13.9536	12.9849
13.9503	12.9841
13.9469	12.9834
13.9434	12.9827
13.9401	12.9819
13.9365	12.9811
13.933	12.9803
13.9292	12.9795
13.9258	12.9787
13.9223	12.978
13.9187	12.9771
13.9151	12.9763
13.9115	12.9755
13.9079	12.9747
13.9043	12.9738
13.9007	12.973
13.8971	12.9722
13.8937	12.9714
13.8901	12.9705
13.8865	12.9697
13.8828	12.9688
13.8796	12.968
13.876	12.9671
13.8725	12.9663
13.8689	12.9654
13.8654	12.9645
13.8618	12.9637
13.8583	12.9628
13.8548	12.9619
13.8512	12.961
13.8477	12.9601
13.8443	12.9593
13.8409	12.9584
13.8376	12.9575
13.8341	12.9566
13.8307	12.9558
13.8272	12.9549
13.8238	12.9539
13.8204	12.953
13.817	12.9521
13.8136	12.9512
13.8103	12.9503
13.8067	12.9494
13.8033	12.9484
13.7999	12.9475
13.7966	12.9466
13.7934	12.9457
13.7898	12.9447
13.7864	12.9437
13.783	12.9427
13.7796	12.9418
13.7763	12.9408
13.7729	12.9398
13.7696	12.9388
13.7662	12.9378
13.7628	12.9369
13.7595	12.9358
13.7562	12.9348
13.7529	12.9338
13.7497	12.9329
13.7463	12.9319
13.7432	12.9309
13.7397	12.9298
13.7366	12.9288
13.7333	12.9278
13.73	12.9267
13.7267	12.9257
13.7235	12.9247
13.7202	12.9236
13.7171	12.9226
13.7138	12.9215
13.7106	12.9205
13.7075	12.9195
13.7041	12.9183
13.7011	12.9173
13.6979	12.9162
13.6947	12.9151
13.6915	12.9141
13.6882	12.9129
13.6853	12.9118
13.6821	12.9108
13.6789	12.9096
13.6758	12.9085
13.6728	12.9075
13.6696	12.9063
13.6665	12.9052
13.6634	12.9041
13.6604	12.903
13.6573	12.9019
13.6542	12.9007
13.6511	12.8995
13.648	12.8984
13.645	12.8972
13.6419	12.896
13.639	12.8949
13.6358	12.8937
13.6329	12.8926
13.6299	12.8914
13.6268	12.8902
13.6239	12.889
13.6211	12.8879
13.6181	12.8867
13.6149	12.8854
13.6121	12.8842
13.6092	12.883
13.6062	12.8818
13.6032	12.8805
13.6002	12.8793
13.5973	12.8781
13.5945	12.8768
13.5914	12.8755
13.5885	12.8743
13.5857	12.873
13.5828	12.8717
13.5801	12.8705
13.5772	12.8692
13.5743	12.868
13.5714	12.8666
13.5686	12.8653
13.5657	12.864
13.5629	12.8627
13.5602	12.8614
13.5572	12.8601
13.5544	12.8587
13.5517	12.8574
13.5489	12.8561
13.5462	12.8548
13.5432	12.8533
13.5403	12.852
13.5375	12.8506
13.5348	12.8492
13.532	12.8479
13.5293	12.8465
13.5265	12.845
13.5236	12.8436
13.5208	12.8422
13.5181	12.8408
13.5154	12.8393
13.5126	12.8379
13.5099	12.8364
13.5071	12.835
13.5046	12.8336
13.5018	12.8321
13.4991	12.8306
13.4963	12.8291
13.4936	12.8275
13.4908	12.826
13.4881	12.8245
13.4853	12.8229
13.4826	12.8214
13.4799	12.8198
13.4771	12.8182
13.4744	12.8166
13.4716	12.815
13.4689	12.8134
13.4664	12.8119
13.4636	12.8102
13.4609	12.8086
13.4582	12.807
13.4555	12.8053
13.4527	12.8036
13.45	12.802
13.4471	12.8002
13.4445	12.7986
13.4417	12.7968
13.4388	12.795
13.436	12.7932
13.4333	12.7915
13.4302	12.7896
13.4275	12.7879
13.4247	12.786
13.4218	12.7841
13.4189	12.7822
13.4161	12.7804
13.4131	12.7784
13.41	12.7764
13.4071	12.7745
13.4041	12.7725
13.401	12.7703
13.3982	12.7685
13.3951	12.7664
13.392	12.7643
13.3888	12.7622
13.3856	12.7601
13.3824	12.7579
13.3792	12.7557
13.3759	12.7535
13.3727	12.7513
13.3696	12.7491
13.3665	12.747
13.3632	12.7449
13.3601	12.7427
13.3572	12.7406
13.354	12.7385
13.351	12.7364
13.3479	12.7343
13.3449	12.7322
13.3418	12.7302
13.3388	12.7282
13.3358	12.7262
13.333	12.7242
13.3302	12.7224
13.3273	12.7204
13.3244	12.7185
13.3215	12.7166
13.3188	12.7148
13.3159	12.713
13.3131	12.7111
13.3102	12.7093
13.3074	12.7075
13.3046	12.7057
13.3018	12.7039
13.299	12.7021
13.2963	12.7004
13.2935	12.6986
13.2909	12.697
13.2882	12.6953
13.2855	12.6937
13.2828	12.692
13.28	12.6903
13.2774	12.6887
13.2747	12.6871
13.272	12.6855
13.2691	12.6836
13.2664	12.682
13.2636	12.6804
13.2609	12.6788
13.2581	12.6771
13.2552	12.6754
13.2526	12.6739
13.2498	12.6723
13.247	12.6707
13.2442	12.6691
13.2415	12.6676
13.2387	12.6661
13.2359	12.6645
13.233	12.6629
13.2301	12.6613
13.2273	12.6598
13.2244	12.6582
13.2215	12.6567
13.2187	12.6552
13.2156	12.6536
13.2127	12.652
13.2099	12.6506
13.207	12.649
13.2041	12.6475
13.201	12.6459
13.1981	12.6444
13.195	12.6429
13.1917	12.6411
13.1885	12.6393
13.1854	12.6378
13.1825	12.6363
13.1794	12.6348
13.1762	12.6332
13.1731	12.6316
13.1703	12.6302
13.167	12.6286
13.164	12.6272
13.1608	12.6256
13.1577	12.6241
13.1545	12.6226
13.1513	12.621
13.1481	12.6195
13.1449	12.618
13.1419	12.6165
13.1386	12.615
13.1352	12.6134
13.132	12.6119
13.1291	12.6105
13.1259	12.609
13.1226	12.6075
13.1194	12.606
13.1162	12.6045
13.1129	12.6031
13.1097	12.6016
13.1064	12.6001
13.1031	12.5986
13.1	12.5972
13.0966	12.5957
13.0933	12.5942
13.0899	12.5927
13.0866	12.5911
13.0832	12.5896
13.08	12.5882
13.0766	12.5867
13.0732	12.5852
13.0698	12.5838
13.0665	12.5823
13.0631	12.5808
13.0597	12.5793
13.0563	12.5779
13.0531	12.5765
13.0497	12.575
13.0461	12.5735
13.0429	12.5721
13.0395	12.5707
13.036	12.5692
13.0327	12.5678
13.0293	12.5663
13.0258	12.5649
13.0224	12.5634
13.0189	12.562
13.0156	12.5606
13.0122	12.5591
13.0087	12.5577
13.0051	12.5562
13.0018	12.5548
12.9983	12.5534
12.9948	12.5519
12.9913	12.5505
12.988	12.5491
12.9845	12.5477
12.9808	12.5462
12.9775	12.5448
12.974	12.5434
12.9704	12.542
12.9669	12.5405
12.9634	12.5391
12.9599	12.5377
12.9563	12.5363
12.953	12.5349
12.9495	12.5335
12.9461	12.5322
12.9426	12.5307
12.9391	12.5293
12.9355	12.5279
12.932	12.5265
12.9284	12.5251
12.9249	12.5237
12.9213	12.5223
12.9178	12.5209
12.9143	12.5195
12.9107	12.5181
12.9071	12.5167
12.9035	12.5153
12.9	12.5139
12.8964	12.5125
12.8928	12.5111
12.8891	12.5096
12.8855	12.5082
12.8819	12.5068
12.8783	12.5054
12.8747	12.504
12.871	12.5026
12.8674	12.5012
12.864	12.4999
12.8604	12.4985
12.8567	12.4971
12.8531	12.4957
12.8497	12.4943
12.846	12.4929
12.8423	12.4915
12.8387	12.4901
12.835	12.4887
12.8313	12.4873
12.8277	12.4859
12.824	12.4845
12.8206	12.4832
12.8167	12.4817
12.8132	12.4804
12.8096	12.479
12.8059	12.4776
12.8024	12.4762
12.7987	12.4748
12.795	12.4734
12.7913	12.472
12.7876	12.4706
12.7839	12.4692
12.7801	12.4678
12.7764	12.4664
12.7727	12.465
12.7692	12.4637
12.7654	12.4622
12.7617	12.4608
12.7581	12.4594
12.7545	12.4581
12.7507	12.4567
12.7472	12.4553
12.7435	12.4539
12.7398	12.4525
12.736	12.451
12.7322	12.4496
12.7286	12.4482
12.7249	12.4468
12.7209	12.4453
12.7172	12.4439
12.7136	12.4425
12.7098	12.4411
12.7063	12.4398
12.7025	12.4384
12.6986	12.4369
12.695	12.4355
12.6913	12.4342
12.6876	12.4328
12.6838	12.4314
12.6801	12.4299
12.6763	12.4285
12.6729	12.4273
12.6688	12.4257
12.6653	12.4244
12.6615	12.423
12.6578	12.4216
12.6541	12.4202
12.6505	12.4189
12.6468	12.4175
12.6431	12.4161
12.6393	12.4147
12.6356	12.4133
12.6319	12.4119
12.6281	12.4105
12.6246	12.4091
12.6209	12.4077
12.6172	12.4063
12.6133	12.4049
12.6098	12.4036
12.6055	12.4019
12.6025	12.4008
12.5988	12.3994
12.5951	12.3981
12.5914	12.3967
12.5877	12.3953
12.584	12.3939
12.5803	12.3925
12.5768	12.3911
12.5731	12.3898
12.5693	12.3883
12.5656	12.3869
12.5621	12.3856
12.5587	12.3843
12.5548	12.3828
12.5514	12.3815
12.5477	12.3801
12.5441	12.3787
12.5404	12.3773
12.5368	12.376
12.5331	12.3745
12.5296	12.3732
12.526	12.3718
12.5223	12.3704
12.5187	12.369
12.515	12.3676
12.5114	12.3662
12.5078	12.3648
12.5043	12.3635
12.5007	12.3621
12.4971	12.3607
12.4935	12.3593
12.4898	12.3579
12.4863	12.3565
12.4826	12.3551
12.479	12.3538
12.4756	12.3524
12.472	12.351
12.4684	12.3496
12.4648	12.3482
12.4614	12.3469
12.4578	12.3455
12.4542	12.3441
12.4506	12.3427
12.4469	12.3412
12.4434	12.3398
12.4398	12.3384
12.4362	12.337
12.4328	12.3357
12.429	12.3342
12.4256	12.3328
12.4219	12.3314
12.4183	12.3299
12.4147	12.3285
12.411	12.327
12.4076	12.3257
12.404	12.3242
12.4004	12.3228
12.3968	12.3214
12.3932	12.32
12.3896	12.3185
12.3861	12.3171
12.3826	12.3157
12.3792	12.3143
12.3756	12.3129
12.3721	12.3115
12.3685	12.31
12.3649	12.3086
12.3612	12.3071
12.3578	12.3057
12.3541	12.3042
12.3505	12.3027
12.3468	12.3012
12.3434	12.2998
12.3397	12.2983
12.3361	12.2969
12.3323	12.2953
12.3288	12.2939
12.3252	12.2924
12.3216	12.2909
12.318	12.2894
12.3143	12.2879
12.3109	12.2865
12.3073	12.285
12.3037	12.2836
12.3001	12.2821
12.2965	12.2806
12.2929	12.2791
12.2892	12.2776
12.2858	12.2762
12.2822	12.2747
12.2785	12.2731
12.2749	12.2716
12.2713	12.2701
12.2676	12.2686
12.2641	12.2671
12.2605	12.2656
12.2568	12.2641
12.2532	12.2626
12.2497	12.2611
12.246	12.2596
12.2422	12.258
12.2388	12.2565
12.2351	12.255
12.2315	12.2535
12.2279	12.2519
12.2243	12.2504
12.2206	12.2489
12.2171	12.2474
12.2133	12.2458
12.2099	12.2443
12.206	12.2427
12.2026	12.2413
12.1989	12.2397
12.1954	12.2382
12.192	12.2367
12.1883	12.2352
12.1845	12.2336
12.1812	12.2322
12.1775	12.2306
12.1738	12.229
12.1704	12.2275
12.1667	12.226
12.1632	12.2245
12.1595	12.2229
12.1561	12.2214
12.1522	12.2198
12.1487	12.2183
12.145	12.2168
12.1414	12.2152
12.1377	12.2136
12.1341	12.2121
12.1304	12.2105
12.1268	12.209
12.1233	12.2075
12.1197	12.2059
12.116	12.2044
12.1123	12.2028
12.1087	12.2012
12.105	12.1997
12.1013	12.1981
12.0978	12.1966
12.0941	12.195
12.0905	12.1934
12.0868	12.1919
12.0829	12.1902
12.0794	12.1887
12.0758	12.1871
12.0723	12.1856
12.0686	12.1841
12.065	12.1825
12.0613	12.181
12.0576	12.1794
12.0541	12.1779
12.0503	12.1762
12.0468	12.1747
12.0431	12.1731
12.0394	12.1716
12.0357	12.17
12.0322	12.1685
12.0283	12.1668
12.0247	12.1653
12.0211	12.1637
12.0177	12.1623
12.014	12.1607
12.0104	12.1592
12.0068	12.1576
12.0032	12.1561
11.9996	12.1545
11.9959	12.153
11.9923	12.1514
11.9888	12.1499
11.9851	12.1484
11.9814	12.1468
11.9777	12.1452
11.9743	12.1438
11.9706	12.1422
11.9669	12.1406
11.9632	12.1391
11.9596	12.1375
11.9561	12.1361
11.9525	12.1345
11.9487	12.1329
11.9452	12.1315
11.9416	12.1299
11.938	12.1284
11.9343	12.1268
11.9309	12.1254
11.9272	12.1238
11.9236	12.1223
11.9198	12.1207
11.9163	12.1192
11.9127	12.1177
11.909	12.1162
11.9054	12.1147
11.902	12.1132
11.8984	12.1117
11.8948	12.1102
11.8912	12.1087
11.8876	12.1072
11.884	12.1056
11.8806	12.1042
11.877	12.1027
11.8734	12.1012
11.8698	12.0997
11.8663	12.0983
11.8627	12.0968
11.8591	12.0953
11.8555	12.0938
11.8519	12.0923
11.8483	12.0908
11.8446	12.0893
11.841	12.0877
11.8374	12.0862
11.8339	12.0848
11.8303	12.0833
11.8265	12.0818
11.8231	12.0803
11.8195	12.0789
11.8159	12.0774
11.8124	12.0759
11.8089	12.0745
11.8051	12.0729
11.8017	12.0715
11.7981	12.07
11.7945	12.0686
11.7907	12.067
11.7873	12.0656
11.7837	12.0641
11.7802	12.0628
11.7766	12.0613
11.7731	12.0598
11.7696	12.0585
11.766	12.057
11.7625	12.0555
11.7589	12.0541
11.7553	12.0526
11.7517	12.0512
11.7481	12.0498
11.7447	12.0484
11.7411	12.0469
11.7374	12.0454
11.7338	12.044
11.7304	12.0426
11.7268	12.0412
11.7233	12.0398
11.7197	12.0384
11.7161	12.0369
11.7125	12.0355
11.7091	12.0342
11.7052	12.0326
11.702	12.0314
11.6984	12.0299
11.6948	12.0285
11.6914	12.0271
11.6878	12.0257
11.6841	12.0243
11.6805	12.0229
11.6769	12.0215
11.6733	12.02
11.6696	12.0186
11.666	12.0172
11.6626	12.0159
11.659	12.0145
11.6554	12.0131
11.6519	12.0117
11.6484	12.0103
11.645	12.009
11.6414	12.0076
11.6376	12.0062
11.6342	12.0049
11.6306	12.0035
11.627	12.0021
11.6233	12.0006
11.6196	11.9992
11.6161	11.9979
11.6124	11.9965
11.6088	11.9951
11.6051	11.9937
11.6015	11.9923
11.5977	11.9909
11.5943	11.9895
11.5906	11.9881
11.5869	11.9867
11.5832	11.9853
11.5798	11.984
11.5761	11.9826
11.5723	11.9811
11.5688	11.9798
11.5652	11.9784
11.5615	11.977
11.5579	11.9756
11.5542	11.9742
11.5505	11.9728
11.5471	11.9714
11.5433	11.97
11.5397	11.9686
11.5359	11.9672
11.5323	11.9658
11.5285	11.9644
11.525	11.9631
11.5213	11.9617
11.5176	11.9603
11.5138	11.9589
11.5101	11.9575
11.5064	11.9561
11.5026	11.9547
11.4989	11.9533
11.4951	11.9519
11.4914	11.9504
11.4876	11.949
11.4838	11.9476
11.4802	11.9463
11.4765	11.9449
11.4727	11.9435
11.4689	11.942
11.4652	11.9406
11.4614	11.9393
11.4577	11.9379
11.454	11.9365
11.4505	11.9351
11.4467	11.9337
11.443	11.9324
11.4393	11.931
11.4355	11.9296
11.4318	11.9282
11.4281	11.9268
11.4243	11.9254
11.4208	11.924
11.4171	11.9226
11.4133	11.9213
11.4096	11.9198
11.4059	11.9185
11.4025	11.9171
11.3988	11.9157
11.3951	11.9143
11.3916	11.913
11.3879	11.9116
11.384	11.9101
11.3803	11.9087
11.3769	11.9074
11.3733	11.906
11.3696	11.9046
11.3659	11.9032
11.3623	11.9018
11.3586	11.9004
11.3549	11.8991
11.3514	11.8977
11.3477	11.8963
11.3441	11.895
11.3404	11.8936
11.3367	11.8921
11.3333	11.8908
11.3296	11.8894
11.3259	11.888
11.3223	11.8866
11.3186	11.8852
11.3149	11.8838
11.3115	11.8825
11.3078	11.8811
11.3041	11.8797
11.3003	11.8782
11.2969	11.8769
11.2934	11.8756
11.2896	11.8741
11.2862	11.8728
11.2824	11.8713
11.279	11.87
11.2755	11.8686
11.2719	11.8672
11.2683	11.8659
11.2647	11.8644
11.2613	11.8631
11.2578	11.8617
11.254	11.8603
11.2505	11.8589
11.2469	11.8575
11.2433	11.8561
11.2399	11.8548
11.2362	11.8533
11.2328	11.852
11.2292	11.8505
11.2256	11.8491
11.2221	11.8477
11.2187	11.8464
11.215	11.8449
11.2116	11.8436
11.2081	11.8422
11.2045	11.8407
11.201	11.8393
11.1975	11.8379
11.1942	11.8366
11.1905	11.8351
11.1872	11.8337
11.1837	11.8323
11.1802	11.8309
11.1767	11.8295
11.1732	11.828
11.1699	11.8267
11.1662	11.8252
11.1627	11.8238
11.1593	11.8223
11.1558	11.8209
11.1525	11.8195
11.1491	11.8181
11.1458	11.8167
11.1423	11.8153
11.1389	11.8138
11.1355	11.8124
11.132	11.811
11.1286	11.8095
11.1252	11.8081
11.1217	11.8066
11.1185	11.8052
11.1151	11.8038
11.1118	11.8024
11.1084	11.8009
11.1049	11.7994
11.1016	11.798
11.0983	11.7966
11.0949	11.7951
11.0915	11.7936
11.0882	11.7922
11.0848	11.7907
11.0815	11.7892
11.0782	11.7878
11.075	11.7864
11.0715	11.7848
11.0684	11.7834
11.0651	11.7819
11.0618	11.7805
11.0585	11.779
11.0551	11.7775
11.052	11.7761
11.0487	11.7746
11.0454	11.7731
11.0422	11.7716
11.0389	11.7701
11.0355	11.7686
11.0325	11.7671
11.0292	11.7656
11.0259	11.7641
11.0228	11.7627
11.0196	11.7612
11.0164	11.7597
11.0133	11.7582
11.0101	11.7566
11.0069	11.7551
11.0038	11.7536
11.0006	11.7521
10.9975	11.7506
10.9943	11.749
10.9912	11.7475
10.9881	11.746
10.9852	11.7446
10.9821	11.7431
10.979	11.7415
10.9759	11.74
10.9728	11.7384
10.9697	11.7369
10.9666	11.7353
10.9635	11.7338
10.9605	11.7322
10.9575	11.7307
10.9545	11.7291
10.9517	11.7276
10.9485	11.7259
10.9457	11.7245
10.9428	11.723
10.9398	11.7214
10.9368	11.7198
10.9339	11.7182
10.9309	11.7166
10.928	11.715
10.9251	11.7134
10.9222	11.7118
10.9194	11.7103
10.9165	11.7087
10.9137	11.7071
10.9109	11.7055
10.9083	11.7041
10.9055	11.7025
10.9028	11.7009
10.9	11.6993
10.8973	11.6977
10.8945	11.6961
10.8917	11.6945
10.8889	11.6929
10.8862	11.6912
10.8834	11.6896
10.8807	11.6879
10.8779	11.6863
10.8752	11.6846
10.8725	11.683
10.8701	11.6815
10.8674	11.6798
10.8647	11.6781
10.862	11.6765
10.8593	11.6748
10.8567	11.6731
10.854	11.6714
10.8514	11.6697
10.8488	11.668
10.8462	11.6663
10.8436	11.6646
10.841	11.6629
10.8384	11.6612
10.8358	11.6594
10.8335	11.6579
10.831	11.6561
10.8283	11.6544
10.8258	11.6526
10.8234	11.651
10.821	11.6493
10.8185	11.6475
10.8161	11.6458
10.8137	11.6441
10.8113	11.6424
10.8089	11.6407
10.8066	11.639
10.8043	11.6373
10.8022	11.6358
10.7999	11.6341
10.7976	11.6324
10.7953	11.6308
10.7931	11.6291
10.7908	11.6274
10.7886	11.6257
10.7864	11.624
10.7842	11.6223
10.782	11.6206
10.7798	11.6189
10.7777	11.6172
10.7758	11.6157
10.7736	11.6141
10.7715	11.6124
10.7694	11.6107
10.7673	11.609
10.7653	11.6073
10.7632	11.6056
10.7611	11.6039
10.7591	11.6023
10.7571	11.6006
10.755	11.5989
10.753	11.5972
10.751	11.5955
10.749	11.5938
10.7473	11.5923
10.7453	11.5906
10.7434	11.5889
10.7413	11.5871
10.7395	11.5855
10.7375	11.5837
10.7356	11.582
10.7337	11.5803
10.7317	11.5785
10.7298	11.5768
10.7278	11.575
10.7259	11.5733
10.724	11.5715
10.7221	11.5698
10.7202	11.568
10.7185	11.5664
10.7166	11.5646
10.7147	11.5628
10.7128	11.5611
10.711	11.5593
10.7091	11.5575
10.7072	11.5557
10.7054	11.5539
10.7035	11.552
10.7016	11.5502
10.6998	11.5483
10.6979	11.5465
10.6961	11.5447
10.6944	11.543
10.6926	11.5411
10.6908	11.5393
10.689	11.5374
10.6871	11.5355
10.6853	11.5336
10.6834	11.5316
10.6816	11.5297
10.6797	11.5277
10.6779	11.5258
10.676	11.5238
10.6742	11.5218
10.6723	11.5198
10.6705	11.5178
10.6686	11.5157
10.6669	11.5138
10.6651	11.5118
10.6632	11.5097
10.6613	11.5076
10.6595	11.5055
10.6576	11.5033
10.6557	11.5011
10.6538	11.4989
10.6519	11.4967
10.6499	11.4944
10.648	11.4921
10.6461	11.4898
10.6441	11.4875
10.6423	11.4853
10.6404	11.4829
10.6384	11.4805
10.6364	11.4781
10.6345	11.4757
10.6325	11.4733
10.6306	11.4709
10.6286	11.4684
10.6267	11.466
10.6248	11.4636
10.6228	11.4611
10.621	11.4588
10.6192	11.4564
10.6173	11.4539
10.6153	11.4514
10.6134	11.4489
10.6115	11.4464
10.6096	11.4438
10.6077	11.4413
10.6058	11.4387
10.6038	11.4361
10.6019	11.4335
10.6	11.4309
10.5981	11.4283
10.5963	11.4258
10.5943	11.4229
10.5926	11.4206
10.5907	11.4179
10.5887	11.4152
10.5869	11.4125
10.585	11.4098
10.5831	11.4071
10.5812	11.4044
10.5793	11.4016
10.5774	11.3989
10.5755	11.3961
10.5738	11.3936
10.5717	11.3905
10.57	11.388
10.5681	11.3851
10.5662	11.3823
10.5643	11.3795
10.5623	11.3765
10.5606	11.3737
10.5586	11.3709
10.5568	11.368
10.5549	11.3651
10.553	11.3622
10.5511	11.3592
10.5493	11.3563
10.5474	11.3534
10.5457	11.3507
10.5437	11.3477
10.5418	11.3447
10.5399	11.3417
10.538	11.3386
10.5361	11.3356
10.5342	11.3325
10.5323	11.3294
10.5304	11.3263
10.5284	11.3232
10.5265	11.3201
10.5246	11.317
10.5229	11.3142
10.5209	11.311
10.5188	11.3076
10.5171	11.3047
10.5152	11.3015
10.5132	11.2984
10.5113	11.2952
10.5094	11.292
10.5075	11.2887
10.5055	11.2855
10.5035	11.2823
10.5016	11.279
10.4997	11.2757
10.4977	11.2724
10.4959	11.2695
10.4939	11.2662
10.492	11.2629
10.49	11.2595
10.4878	11.2559
10.4861	11.2529
10.4841	11.2496
10.4821	11.2463
10.4801	11.2429
10.4782	11.2396
10.4762	11.2362
10.4742	11.2329
10.4723	11.2295
10.4703	11.2262
10.4686	11.2232
10.4666	11.2199
10.4647	11.2165
10.4627	11.2132
10.4608	11.2098
10.4588	11.2064
10.4568	11.2031
10.4549	11.1997
10.4529	11.1963
10.4509	11.1929
10.449	11.1895
10.4471	11.1863
10.4451	11.1827
10.4433	11.1796
10.441	11.1757
10.4393	11.1727
10.4374	11.1693
10.4354	11.1659
10.4334	11.1625
10.4315	11.159
10.4295	11.1555
10.4274	11.1521
10.4255	11.1486
10.4235	11.1452
10.4215	11.1417
10.4197	11.1386
10.4177	11.1352
10.4158	11.1318
10.4139	11.1284
10.4119	11.125
10.41	11.1216
10.4081	11.1182
10.4062	11.1148
10.4042	11.1113
10.4022	11.1078
10.4003	11.1044
10.3983	11.1009
10.3963	11.0974
10.3943	11.0939
10.3926	11.0908
10.3905	11.0872
10.3884	11.0836
10.3864	11.0801
10.3847	11.0771
10.3827	11.0736
10.3807	11.0702
10.3788	11.0668
10.3769	11.0634
10.3749	11.06
10.3729	11.0566
10.371	11.0532
10.3692	11.0501
10.3672	11.0466
10.3653	11.0433
10.3634	11.0399
10.3614	11.0365
10.3595	11.0331
10.3575	11.0297
10.3556	11.0263
10.3537	11.023
10.3517	11.0196
10.3497	11.0162
10.3478	11.0128
10.3459	11.0095
10.3442	11.0065
10.3422	11.003
10.3402	10.9997
10.3381	10.9959
10.3363	10.9928
10.3343	10.9894
10.3324	10.986
10.3304	10.9827
10.3285	10.9793
10.3265	10.9759
10.3246	10.9725
10.3226	10.9692
10.3207	10.9659
10.3187	10.9625
10.3168	10.9592
10.315	10.9561
10.3132	10.9529
10.3112	10.9496
10.3093	10.9462
10.3074	10.9429
10.3055	10.9396
10.3035	10.9362
10.3015	10.9329
10.2996	10.9296
10.2977	10.9263
10.2957	10.9229
10.2937	10.9196
10.292	10.9166
10.2901	10.9133
10.2881	10.91
10.286	10.9064
10.2843	10.9034
10.2824	10.9001
10.2803	10.8968
10.2784	10.8936
10.2765	10.8903
10.2746	10.8871
10.2726	10.8838
10.2708	10.8806
10.2689	10.8774
10.267	10.8742
10.2652	10.8712
10.2633	10.868
10.2614	10.8648
10.2595	10.8616
10.2575	10.8583
10.2556	10.8551
10.2537	10.8519
10.2519	10.8487
10.2498	10.8455
10.2479	10.8423
10.246	10.8391
10.2442	10.8359
10.2421	10.8326
10.2404	10.8298
10.2384	10.8264
10.2365	10.8232
10.2345	10.82
10.2326	10.8168
10.2307	10.8136
10.2288	10.8105
10.2268	10.8072
10.2248	10.804
10.2229	10.8009
10.2211	10.7978
10.219	10.7946
10.2172	10.7915
10.2154	10.7885
10.2135	10.7855
10.2116	10.7824
10.2097	10.7793
10.2078	10.7762
10.2059	10.7732
10.2039	10.77
10.202	10.7668
10.2001	10.7637
10.1982	10.7606
10.1961	10.7574
10.1942	10.7543
10.1922	10.7512
10.1903	10.7481
10.1885	10.7453
10.1866	10.7422
10.1847	10.7392
10.1828	10.7361
10.1807	10.7329
10.1788	10.7299
10.1769	10.7269
10.1749	10.7238
10.1729	10.7206
10.171	10.7176
10.169	10.7145
10.1671	10.7115
10.1652	10.7087
10.1631	10.7053
10.1614	10.7026
10.1594	10.6996
10.1573	10.6964
10.1554	10.6934
10.1535	10.6904
10.1515	10.6873
10.1494	10.6842
10.1474	10.6811
10.1454	10.678
10.1434	10.6749
10.1413	10.6718
10.1393	10.6687
10.1373	10.6656
10.1355	10.6628
10.1333	10.6596
10.1312	10.6565
10.1292	10.6534
10.1272	10.6503
10.125	10.6471
10.123	10.644
10.1209	10.6409
10.1189	10.6377
10.1167	10.6345
10.1146	10.6314
10.1125	10.6283
10.1105	10.6251
10.1085	10.6222
10.1064	10.6191
10.1043	10.616
10.1022	10.6128
10.1	10.6095
10.0978	10.6062
10.0957	10.6031
10.0936	10.5999
10.0913	10.5966
10.0892	10.5935
10.0871	10.5903
10.085	10.5872
10.083	10.5842
10.0807	10.5808
10.0782	10.5772
10.0761	10.5742
10.0738	10.5709
10.0716	10.5676
10.0693	10.5643
10.067	10.5611
10.0648	10.5578
10.0625	10.5545
10.0603	10.5513
10.0581	10.548
10.0558	10.5448
10.0538	10.5419
10.0515	10.5385
10.049	10.5349
10.0471	10.5321
10.0449	10.5289
10.0426	10.5257
10.0404	10.5225
10.0382	10.5192
10.036	10.516
10.0338	10.5128
10.0316	10.5096
10.0294	10.5064
10.0272	10.5032
10.0253	10.5004
10.0229	10.4969
10.0209	10.494
10.0187	10.4907
10.0166	10.4877
10.0144	10.4845
10.0123	10.4813
10.0101	10.4781
10.008	10.475
10.0059	10.4719
10.0038	10.4687
10.0017	10.4656
9.99958	10.4625
9.9975	10.4594
9.99545	10.4563
9.99358	10.4535
9.99149	10.4504
9.98935	10.4472
9.98739	10.4442
9.98531	10.4411
9.98323	10.438
9.98117	10.4349
9.97912	10.4318
9.97707	10.4287
9.97501	10.4256
9.97298	10.4225
9.97117	10.4197
9.96906	10.4165
9.96695	10.4133
9.96507	10.4104
9.96319	10.4075
9.96121	10.4045
9.95922	10.4015
9.95725	10.3984
9.9553	10.3954
9.95333	10.3923
9.95138	10.3893
9.94944	10.3863
9.94754	10.3832
9.9458	10.3805
9.94389	10.3775
9.94199	10.3746
9.94012	10.3715
9.93823	10.3685
9.93636	10.3656
9.93451	10.3626
9.93267	10.3596
9.93082	10.3567
9.92897	10.3537
9.92715	10.3508
9.92535	10.3478
9.92354	10.3448
9.9219	10.3422
9.9201	10.3392
9.91834	10.3362
9.91656	10.3333
9.91469	10.3302
9.91301	10.3274
9.91128	10.3245
9.90954	10.3215
9.9078	10.3186
9.90606	10.3157
9.90438	10.3128
9.90268	10.3098
9.90098	10.3069
9.89929	10.304
9.8978	10.3014
9.89618	10.2986
9.89461	10.2958
9.89297	10.2929
9.89138	10.29
9.88986	10.2873
9.88826	10.2845
9.88669	10.2817
9.88513	10.2788
9.88356	10.2759
9.882	10.2731
9.88046	10.2702
9.87895	10.2674
9.87743	10.2645
9.87606	10.262
9.87455	10.2592
9.87308	10.2563
9.8716	10.2535
9.87013	10.2507
9.86867	10.2479
9.86726	10.245
9.86583	10.2423
9.86442	10.2395
9.86301	10.2367
9.86164	10.2339
9.86026	10.2312
9.85904	10.2287
9.85757	10.2257
9.85629	10.223
9.85512	10.2206
9.85385	10.218
9.8526	10.2154
9.85141	10.2128
9.85022	10.2103
9.84906	10.2078
9.84792	10.2053
9.84683	10.2029
9.84574	10.2005
9.84466	10.1982
9.8436	10.1959
9.8426	10.1935
9.8417	10.1915
9.84061	10.189
9.83963	10.1868
9.83879	10.1848
9.83785	10.1826
9.83692	10.1805
9.836	10.1783
9.83513	10.1762
9.83424	10.174
9.83335	10.1719
9.83247	10.1698
9.83163	10.1677
9.8308	10.1656
9.83	10.1636
9.82915	10.1615
9.82834	10.1594
9.82752	10.1573
9.8267	10.1552
9.82588	10.1531
9.8251	10.1509
9.82431	10.1488
9.82351	10.1467
9.82273	10.1446
9.82199	10.1425
9.82133	10.1406
9.82058	10.1385
9.81984	10.1365
9.81906	10.1341
9.81834	10.1321
9.81772	10.1302
9.81701	10.1281
9.81633	10.126
9.81564	10.1239
9.81497	10.1218
9.81429	10.1198
9.81364	10.1176
9.81296	10.1155
9.8123	10.1134
9.81165	10.1113
9.81101	10.1091
9.81044	10.1072
9.80978	10.105
9.80914	10.1029
9.80853	10.1007
9.8079	10.0985
9.80728	10.0963
9.80667	10.0942
9.80609	10.092
9.8055	10.0898
9.80493	10.0877
9.80433	10.0855
9.80377	10.0833
9.80326	10.0814
9.80266	10.0789
9.80216	10.0768
9.80164	10.0746
9.8011	10.0724
9.80056	10.0702
9.80003	10.068
9.79952	10.0658
9.79901	10.0635
9.79849	10.0613
9.79599	10.0546
9.79549	10.0523
9.79315	10.0459
9.79088	10.0396
9.79046	10.0375
9.78998	10.0352
9.78955	10.033
9.78912	10.0308
9.7887	10.0285
9.78825	10.0262
9.78782	10.024
9.78741	10.0217
9.78702	10.0194
9.7866	10.0172
9.78623	10.0149
9.78582	10.0126
9.78545	10.0103
9.78505	10.008
9.7847	10.0057
9.7844	10.0037
9.78405	10.0014
9.78368	9.99904
9.78336	9.99676
9.78301	9.99443
9.78269	9.99208
9.78234	9.98974
9.78201	9.98727
9.78172	9.98506
9.78142	9.98274
9.78113	9.98052
9.78082	9.9781
9.78053	9.97571
9.78022	9.97312
9.77995	9.97083
9.77968	9.96834
9.77942	9.96585
9.77913	9.96335
9.77886	9.96083
9.77861	9.95829
9.77836	9.95572
9.77813	9.95313
9.77788	9.95053
9.77768	9.94817
9.7774	9.94525
9.7772	9.94259
9.777	9.94017
9.7768	9.93744
9.7766	9.93471
9.77639	9.93193
9.77619	9.9291
9.776	9.92622
9.77582	9.92331
9.77566	9.92045
9.77549	9.91754
9.77534	9.91471
9.77521	9.91194
9.77506	9.90891
9.77492	9.90589
9.77481	9.90287
9.77469	9.89984
9.77459	9.89673
9.77449	9.89362
9.77441	9.89046
9.77431	9.88733
9.77423	9.8842
9.77416	9.88104
9.77409	9.87787
9.77404	9.87467
9.77399	9.8715
9.77396	9.86832
9.77393	9.86515
9.7739	9.86199
9.7739	9.8591
9.7739	9.85589
9.77389	9.85273
9.7739	9.84962
9.77394	9.84644
9.77397	9.84318
9.77401	9.84012
9.77403	9.83679
9.77409	9.83373
9.77415	9.83062
9.77422	9.82736
9.77428	9.82407
9.77437	9.82084
9.77447	9.81751
9.77457	9.81425
9.77467	9.81096
9.77477	9.80765
9.77489	9.80429
9.77503	9.80098
9.77518	9.79766
9.77533	9.79429
9.77548	9.79097
9.77566	9.78743
9.77582	9.78396
9.77601	9.78046
9.77618	9.7772
9.77638	9.77372
9.7766	9.77027
9.77682	9.76675
9.77702	9.76309
9.77728	9.75874
9.77745	9.75584
9.77767	9.75218
9.7779	9.74843
9.77812	9.74493
9.77835	9.74142
9.77861	9.73768
9.77885	9.73386
9.77912	9.73005
9.7794	9.72616
9.7797	9.72226
9.77995	9.71835
9.78023	9.71455
9.78051	9.71076
9.78083	9.70703
9.78107	9.70324
9.78119	9.6956
9.78152	9.69203
9.78176	9.68847
9.78195	9.68494
9.78225	9.68158
9.78253	9.67864
9.78277	9.67535
9.78294	9.67196
9.78319	9.66901
9.7834	9.66594
9.78365	9.66293
9.78377	9.65983
9.78396	9.65678
9.78419	9.65376
9.78434	9.65094
9.78443	9.64792
9.78462	9.64489
9.78481	9.64185
9.78494	9.63876
9.78501	9.63541
9.78512	9.63243
9.78528	9.62926
9.78542	9.62602
9.78545	9.62266
9.78552	9.61932
9.78565	9.61596
9.78571	9.61251
9.78571	9.60894
9.78579	9.60541
9.78583	9.60182
9.78586	9.59823
9.78585	9.59476
9.78591	9.59098
9.78595	9.58775
9.78597	9.5841
9.78595	9.58037
9.78596	9.57675
9.78601	9.57328
9.78606	9.56993
9.78605	9.56664
9.7861	9.56356
9.78615	9.56086
9.78621	9.5579
9.78621	9.55471
9.78627	9.55204
9.78632	9.54927
9.78637	9.54659
9.78638	9.54389
9.78643	9.54129
9.78647	9.53876
9.78651	9.53629
9.78654	9.53379
9.78659	9.53139
9.78667	9.52902
9.78671	9.52665
9.78677	9.52422
9.78684	9.52189
9.78693	9.5196
9.78701	9.51757
9.78709	9.51525
9.78718	9.51302
9.78729	9.51083
9.78738	9.50873
9.78748	9.50667
9.78761	9.50482
9.78772	9.503
9.78783	9.50112
9.78796	9.49941
9.78808	9.49765
9.78819	9.49614
9.78835	9.49424
9.78847	9.49277
9.78864	9.49118
9.78878	9.48957
9.78894	9.48793
9.78912	9.48621
9.78932	9.48455
9.7895	9.48289
9.78969	9.48122
9.78991	9.47948
9.79013	9.4778
9.79036	9.47614
9.79063	9.4745
9.79088	9.47276
9.79111	9.47127
9.79144	9.46932
9.79166	9.46797
9.79194	9.46636
9.79223	9.46475
9.79251	9.46315
9.79281	9.46149
9.79311	9.45987
9.79344	9.45827
9.79374	9.45685
9.79409	9.45513
9.79443	9.45351
9.79481	9.45186
9.79528	9.44986
9.79558	9.44855
9.79605	9.44643
9.79639	9.44507
9.79681	9.44334
9.79725	9.44157
9.79774	9.43957
9.79817	9.43796
9.79864	9.43617
9.79913	9.43436
9.79963	9.43246
9.80014	9.43065
9.80067	9.42881
9.80121	9.42694
9.8017	9.42518
9.80238	9.42291
9.80283	9.42143
9.80341	9.4195
9.804	9.41752
9.80462	9.41559
9.80525	9.41365
9.80589	9.41167
9.80653	9.40964
9.80718	9.40774
9.80779	9.4059
9.80847	9.40393
9.80915	9.40186
9.80985	9.39984
9.81057	9.39782
9.81133	9.39578
9.81207	9.39364
9.81285	9.39155
9.81362	9.38944
9.81442	9.38734
9.81521	9.38516
9.81602	9.38302
9.81686	9.38084
9.81772	9.37861
9.81861	9.37622
9.81957	9.37384
9.82054	9.3714
9.82153	9.369
9.82259	9.36626
9.82393	9.36297
9.82484	9.36075
9.82602	9.35793
9.82721	9.35496
9.82958	9.3493
9.83085	9.34632
9.83209	9.34344
9.83329	9.3405
9.83459	9.33743
9.83706	9.33172
9.84038	9.32423
9.84167	9.32107
9.84387	9.31616
9.84601	9.31131
9.84852	9.30582
9.84958	9.30322
9.85104	9.30008
9.85248	9.29689
9.8539	9.29363
9.85529	9.29031
9.85668	9.28722
9.85822	9.28381
9.85974	9.28057
9.86118	9.27721
9.86272	9.27396
9.86525	9.26874
9.86671	9.26533
9.869	9.26056
9.87136	9.25569
9.87297	9.25233
9.87452	9.24896
9.87594	9.24564
9.87752	9.24223
9.87911	9.23917
9.88069	9.23574
9.88223	9.23222
9.88399	9.22913
9.88568	9.22591
9.88735	9.22262
9.88924	9.21835
9.8909	9.21497
9.89224	9.2123
9.89391	9.2089
9.89551	9.20531
9.8972	9.20192
9.89889	9.19852
9.9005	9.19492
9.9022	9.19151
9.90389	9.18808
9.90543	9.18503
9.90715	9.18121
9.90878	9.17795
9.91083	9.17378
9.9123	9.1711
9.91394	9.16746
9.91572	9.16407
9.9175	9.16066
9.91926	9.15727
9.92083	9.15382
9.92248	9.15052
9.92463	9.14615
9.92596	9.1436
9.92771	9.13975
9.92937	9.13646
9.9311	9.13301
9.93318	9.12884
9.9346	9.12616
9.93657	9.12185
9.93797	9.11919
9.93971	9.11583
9.94137	9.11244
9.943	9.10888
9.94467	9.10549
9.94632	9.10214
9.94799	9.09877
9.94961	9.09523
9.95122	9.09211
9.95283	9.08899
9.95486	9.08498
9.95623	9.08199
9.95783	9.07885
9.95948	9.07549
9.96111	9.07213
9.96271	9.06863
9.96437	9.06533
9.96603	9.06206
9.96753	9.05915
9.96912	9.05565
9.97074	9.05232
9.97235	9.04903
9.97425	9.04502
9.97584	9.04153
9.97714	9.03895
9.97877	9.03567
9.98035	9.03218
9.98194	9.02886
9.98354	9.02554
9.98517	9.02225
9.98673	9.01877
9.98835	9.0155
9.98992	9.01217
9.99147	9.00888
9.99301	9.00544
9.99448	9.00235
9.99598	8.99929
9.9975	8.99607
9.9993	8.992
10.0005	8.98947
10.002	8.98625
10.0034	8.98319
10.005	8.97961
10.0065	8.97636
10.0079	8.97342
10.0097	8.96946
10.0109	8.96673
10.0124	8.96347
10.0139	8.96022
10.0155	8.95664
10.0168	8.95374
10.0186	8.94967
10.0197	8.94714
10.0211	8.94392
10.0226	8.94055
10.024	8.93735
10.0254	8.93418
10.0268	8.93098
10.0282	8.92763
10.0296	8.92446
10.0309	8.92146
10.0324	8.91829
10.0337	8.91528
10.0353	8.91126
10.0364	8.90876
10.0378	8.90562
10.0391	8.90229
10.0405	8.89911
10.0418	8.89596
10.0432	8.89279
10.0444	8.88996
10.046	8.88599
10.047	8.88352
10.0486	8.87971
10.0499	8.87642
10.0509	8.87396
10.0522	8.87082
10.0535	8.86772
10.0548	8.86444
10.056	8.86131
10.0573	8.85819
10.0585	8.85507
10.0598	8.85176
10.0609	8.84882
10.0622	8.84549
10.0635	8.84234
10.0647	8.83903
10.0659	8.83604
10.0671	8.833
10.0696	8.82827
10.0706	8.82575
10.0728	8.82183
10.074	8.81859
10.0752	8.8154
10.0764	8.81199
10.0777	8.80874
10.0788	8.80567
10.08	8.80254
10.0812	8.79889
10.0825	8.79559
10.0836	8.79245
10.0851	8.78842
10.086	8.78578
10.0875	8.78155
10.0885	8.77888
10.0897	8.77553
10.0909	8.77199
10.0921	8.76859
10.0933	8.76516
10.0944	8.76196
10.0957	8.75834
10.0969	8.7547
10.0982	8.75106
10.0993	8.74794
10.1007	8.74389
10.1018	8.74058
10.103	8.73705
10.1041	8.73369
10.1057	8.72921
10.1066	8.72641
10.1078	8.72284
10.109	8.71927
10.1103	8.71551
10.1115	8.7119
10.1126	8.70868
10.1141	8.70414
10.1151	8.70131
10.1163	8.6977
10.1178	8.6934
10.119	8.68982
10.12	8.68684
10.1212	8.68331
10.1224	8.67979
10.1236	8.67629
10.1248	8.67263
10.126	8.66919
10.1271	8.66573
10.1283	8.66218
10.1295	8.6586
10.1307	8.65508
10.1318	8.65159
10.1329	8.64831
10.134	8.645
10.1351	8.64159
10.1365	8.63749
10.1373	8.63485
10.1385	8.63142
10.1396	8.62809
10.1407	8.62478
10.1417	8.62158
10.1427	8.61871
10.1441	8.61466
10.145	8.61212
10.146	8.60904
10.1472	8.60571
10.1483	8.60258
10.1494	8.59941
10.1507	8.59557
10.1519	8.5923
10.1527	8.5899
10.1538	8.58677
10.1549	8.58367
10.156	8.58058
10.1572	8.57747
10.1582	8.57439
10.1593	8.57136
10.1605	8.56823
10.1616	8.56524
10.1627	8.56238
10.1645	8.55894
10.1657	8.55587
10.1668	8.55296
10.1679	8.55004
10.169	8.54712
10.1702	8.54421
10.1713	8.54132
10.1724	8.53848
10.1735	8.53579
10.1751	8.53191
10.1758	8.53
10.177	8.52718
10.1783	8.52384
10.1793	8.52153
10.1804	8.51878
10.1825	8.51502
10.1834	8.51291
10.1846	8.51014
10.1857	8.50766
10.1869	8.50527
10.188	8.5029
10.1891	8.50031
10.1902	8.49798
10.1914	8.4956
10.1924	8.49341
10.1935	8.49111
10.1945	8.48898
10.1955	8.48707
10.1965	8.48494
10.1976	8.48273
10.1986	8.48065
10.1995	8.47884
10.2005	8.47696
10.2015	8.47492
10.2024	8.47322
10.2036	8.47083
10.2043	8.46955
10.2053	8.46771
10.2065	8.46524
10.2073	8.46385
10.2083	8.46203
10.2095	8.45962
10.2103	8.45825
10.2115	8.45607
10.2123	8.4547
10.2134	8.45269
10.2144	8.45094
10.2154	8.44917
10.2164	8.44743
10.2175	8.44547
10.2185	8.44377
10.2195	8.44205
10.2205	8.44036
10.2215	8.43858
10.2225	8.43689
10.2236	8.43518
10.2247	8.43349
10.2258	8.43159
10.2268	8.4299
10.2279	8.42829
10.2288	8.42679
10.2301	8.4248
10.2313	8.42282
10.2321	8.42172
10.2331	8.42014
10.2342	8.41855
10.2356	8.41637
10.2364	8.41516
10.2375	8.4136
10.2386	8.4118
10.2397	8.41025
10.2408	8.4087
10.2419	8.40715
10.2431	8.4054
10.2442	8.4039
10.2453	8.40241
10.2463	8.40095
10.2475	8.39924
10.2486	8.39776
10.2496	8.39642
10.2509	8.39478
10.2519	8.39326
10.2531	8.39181
10.2542	8.39038
10.2553	8.38895
10.2566	8.38727
10.2578	8.38576
10.259	8.3843
10.2601	8.38296
10.2613	8.38133
10.2626	8.37983
10.2638	8.37837
10.2653	8.3766
10.2663	8.37532
10.2676	8.37389
10.2688	8.37247
10.2701	8.37105
10.2713	8.36948
10.2726	8.36807
10.2739	8.3667
10.2752	8.36528
10.2765	8.36373
10.2777	8.36237
10.279	8.36102
10.2802	8.35973
10.2819	8.35783
10.2829	8.35678
10.2842	8.35543
10.2856	8.35403
10.2869	8.35253
10.2882	8.35121
10.2898	8.34956
10.2909	8.34849
10.2923	8.347
10.2936	8.34581
10.2949	8.34446
10.2963	8.34313
10.2977	8.34181
10.2994	8.34005
10.3006	8.33899
10.302	8.33768
10.3034	8.33623
10.3048	8.33494
10.3063	8.33361
10.3077	8.33232
10.3091	8.33089
10.3106	8.32962
10.3121	8.32829
10.3136	8.327
10.3151	8.32557
10.3166	8.32428
10.3179	8.32314
10.3194	8.32186
10.3213	8.32015
10.3225	8.31916
10.3241	8.31788
10.3256	8.3166
10.3272	8.31519
10.3287	8.31395
10.3303	8.31269
10.3318	8.31152
10.3334	8.31013
10.335	8.30888
10.3369	8.30735
10.3385	8.30609
10.3402	8.30472
10.3415	8.30376
10.3434	8.30227
10.3447	8.30132
10.3464	8.29996
10.348	8.29875
10.3497	8.29754
10.3513	8.29634
10.353	8.29499
10.3547	8.29379
10.3564	8.29258
10.3581	8.29139
10.3598	8.2901
10.3614	8.28899
10.3635	8.28754
10.3649	8.28662
10.3666	8.28531
10.3683	8.28413
10.3701	8.28295
10.3718	8.28181
10.3736	8.2805
10.3754	8.27933
10.3772	8.27813
10.3789	8.27706
10.3806	8.27598
10.3828	8.27444
10.3842	8.27365
10.3864	8.27228
10.3878	8.27132
10.3895	8.27029
10.3912	8.26925
10.393	8.26821
10.3949	8.26696
10.3966	8.26595
10.3985	8.26487
10.4002	8.26383
10.4021	8.26264
10.4039	8.2616
10.4056	8.26064
10.4073	8.25972
10.4092	8.25849
10.4111	8.25749
10.4129	8.2565
10.4148	8.25551
10.4167	8.25431
10.4186	8.25327
10.4205	8.25228
10.4224	8.25129
10.4245	8.25016
10.4266	8.24888
10.428	8.24824
10.4299	8.24726
10.4318	8.2463
10.4342	8.24489
10.4361	8.24395
10.4377	8.24323
10.4397	8.24208
10.4417	8.24112
10.4436	8.24017
10.4456	8.2392
10.4476	8.23805
10.4496	8.23711
10.4516	8.23619
10.4536	8.23525
10.4557	8.23415
10.4577	8.2332
10.4598	8.23226
10.4617	8.23139
10.4639	8.23023
10.4661	8.22928
10.4682	8.22832
10.4703	8.2274
10.4726	8.22623
10.4748	8.22526
10.477	8.2243
10.4793	8.2233
10.4817	8.22212
10.4838	8.22123
10.4862	8.22024
10.4885	8.21926
10.4909	8.21808
10.4933	8.2171
10.4958	8.2161
10.4982	8.21511
10.5012	8.21369
10.5032	8.2129
10.5057	8.21192
10.5082	8.21091
10.5109	8.20972
10.5134	8.20874
10.516	8.20772
10.5185	8.20678
10.5212	8.20559
10.5237	8.20466
10.5264	8.20365
10.5291	8.20264
10.5319	8.20145
10.5346	8.20049
10.5373	8.19949
10.5401	8.19847
10.5429	8.1973
10.5459	8.19626
10.5487	8.19528
10.5515	8.19432
10.5542	8.19324
10.5572	8.19219
10.5599	8.19128
10.5627	8.19033
10.5662	8.18898
10.5685	8.18826
10.5714	8.18733
10.5742	8.18639
10.5772	8.1853
10.5801	8.18437
10.583	8.18346
10.5859	8.18254
10.5888	8.18152
10.5917	8.18061
10.5947	8.17971
10.5976	8.17882
10.6005	8.17784
10.6036	8.17689
10.6066	8.17602
10.6094	8.17522
10.6125	8.17421
10.6153	8.1734
10.6183	8.17257
10.6213	8.17175
10.6244	8.17078
10.6273	8.16997
10.6303	8.16918
10.6333	8.1684
10.6361	8.16767
10.6398	8.16654
10.643	8.16573
10.6452	8.16521
10.6483	8.16428
10.6513	8.16353
10.6544	8.16279
10.6575	8.16205
10.6605	8.16118
10.6637	8.16043
10.6666	8.15974
10.6697	8.15901
10.6729	8.15814
10.676	8.15745
10.6791	8.15675
10.6822	8.15608
10.6852	8.15528
10.6883	8.15461
10.6914	8.15393
10.6945	8.15328
10.6976	8.15249
10.7007	8.15184
10.7039	8.15121
10.7068	8.15063
10.7109	8.14964
10.7134	8.14917
10.7163	8.14861
10.7203	8.14781
10.7227	8.14726
10.7258	8.14667
10.7289	8.14609
10.7321	8.14551
10.7354	8.14479
10.7385	8.14422
10.7417	8.14367
10.7449	8.14312
10.7481	8.14242
10.7512	8.1419
10.7544	8.14137
10.7576	8.14085
10.7608	8.14017
10.764	8.13966
10.7672	8.13917
10.7704	8.13866
10.7734	8.13808
10.7766	8.1376
10.7798	8.13712
10.7831	8.13665
10.7864	8.13603
10.7896	8.13559
10.7929	8.13514
10.7959	8.13481
10.8001	8.13407
10.8026	8.13376
10.8057	8.13337
10.8096	8.13284
10.8128	8.13229
10.8155	8.13206
10.8187	8.13175
10.822	8.13137
10.8251	8.13086
10.8284	8.13047
10.8317	8.13017
10.8351	8.12986
10.8384	8.12936
10.8417	8.129
10.8451	8.12864
10.8484	8.12831
10.8516	8.12806
10.8559	8.12745
10.8583	8.12723
10.8616	8.12699
10.8657	8.12644
10.8684	8.12628
10.8725	8.12594
10.8752	8.12572
10.8786	8.12529
10.882	8.12506
10.8854	8.12483
10.8886	8.12463
10.8921	8.12423
10.8961	8.12388
10.8989	8.12375
10.9023	8.12355
10.9057	8.12317
10.9091	8.12299
10.9126	8.12275
10.916	8.12256
10.9194	8.12221
10.9228	8.12206
10.9262	8.1219
10.9297	8.12175
10.9332	8.12142
10.9367	8.12126
10.9401	8.12112
10.9435	8.12099
10.9468	8.1207
10.9503	8.12057
10.9538	8.12042
10.9573	8.12029
10.9609	8.12001
10.9644	8.11989
10.9679	8.11978
10.9715	8.11968
10.975	8.11941
10.9784	8.11933
10.9829	8.11917
10.9855	8.11915
10.9891	8.11891
10.9927	8.11883
10.997	8.1187
10.9998	8.11867
11.0034	8.11845
11.0069	8.1184
11.0105	8.11835
11.014	8.1183
11.0174	8.11811
11.021	8.11806
11.0245	8.11803
11.0281	8.118
11.0318	8.11782
11.0354	8.11779
11.0388	8.11778
11.0425	8.11775
11.046	8.11759
11.0497	8.11757
11.0541	8.11753
11.0571	8.11755
11.0608	8.11741
11.0644	8.11741
11.0681	8.11741
11.0718	8.11741
11.0753	8.11729
11.079	8.11731
11.0827	8.11733
11.0871	8.11734
11.0901	8.11725
11.0938	8.11728
11.0975	8.1173
11.1012	8.11733
11.1049	8.11723
11.1087	8.11728
11.1124	8.11732
11.116	8.11736
11.1198	8.11728
11.1235	8.11733
11.1273	8.11739
11.1311	8.11745
11.1349	8.11738
11.1383	8.11745
11.142	8.11752
11.1458	8.11758
11.1496	8.11752
11.1534	8.1176
11.1572	8.11768
11.161	8.11775
11.1648	8.11771
11.1684	8.1178
11.173	8.11787
11.1768	8.11796
11.1799	8.11793
11.1838	8.11801
11.1876	8.11809
11.1915	8.11819
11.1954	8.11816
11.199	8.11825
11.2029	8.11835
11.2068	8.11844
11.2107	8.11842
11.2148	8.11852
11.2185	8.11861
11.2224	8.11871
11.2264	8.1187
11.2303	8.1188
11.2342	8.1189
11.2377	8.11901
11.2417	8.119
11.2457	8.11912
11.2496	8.11923
11.2536	8.11935
11.2576	8.11934
11.2624	8.11945
11.2664	8.11957
11.2696	8.11969
11.2736	8.11969
11.2776	8.11981
11.2814	8.11994
11.2854	8.12006
11.2902	8.12005
11.2934	8.12017
11.2974	8.1203
11.3014	8.12043
11.3054	8.12042
11.3093	8.12054
11.3131	8.12066
11.3171	8.12077
11.321	8.12077
11.325	8.12089
11.329	8.121
11.3329	8.12111
11.3368	8.12111
11.3405	8.12121
11.3446	8.12132
11.3485	8.12142
11.352	8.12141
11.3559	8.12151
11.3606	8.12161
11.3647	8.1217
11.3678	8.12169
11.3715	8.12178
11.3754	8.12187
11.3791	8.12197
11.3832	8.12194
11.3871	8.12202
11.3908	8.12211
11.3946	8.12219
11.3992	8.12215
11.4022	8.12223
11.406	8.1223
11.4098	8.12238
11.4133	8.12234
11.4171	8.1224
11.4209	8.12247
11.4247	8.12253
11.4285	8.12248
11.4323	8.12254
11.4361	8.12259
11.4396	8.12265
11.4442	8.12258
11.4473	8.12263
11.4519	8.12265
11.4557	8.12268
11.4588	8.12263
11.4634	8.12264
11.4665	8.12268
11.4703	8.12271
11.4742	8.12263
11.478	8.12266
11.4818	8.12268
11.4857	8.12268
11.4891	8.12261
11.4937	8.1226
11.4975	8.12261
11.5005	8.12262
11.5044	8.12253
11.5082	8.12253
11.5129	8.1225
11.5159	8.12252
11.5198	8.12242
11.5237	8.1224
11.5275	8.12239
11.5314	8.12238
11.5353	8.12227
11.5391	8.12225
11.5426	8.12224
11.5464	8.12221
11.5511	8.12207
11.555	8.12205
11.5588	8.12202
11.5626	8.12199
11.5657	8.12189
11.5704	8.12183
11.5743	8.12179
11.5774	8.12177
11.5813	8.12164
11.5852	8.12159
11.589	8.12154
11.5925	8.1215
11.5972	8.12133
11.6003	8.1213
11.605	8.12121
11.6081	8.12118
11.612	8.12103
11.6161	8.12096
11.6197	8.12088
11.6236	8.12079
11.6276	8.12064
11.6315	8.12056
11.6354	8.12047
11.6389	8.12039
11.644	8.12019
11.6467	8.12014
11.6515	8.12001
11.6554	8.1199
11.6585	8.11977
11.6633	8.11963
11.6672	8.11953
11.6703	8.11945
11.6743	8.11928
11.6782	8.11917
11.6824	8.11923
11.6863	8.11912
11.69	8.11896
11.6937	8.11886
11.6986	8.11871
11.7015	8.11863
11.7063	8.11842
11.7096	8.11834
11.7133	8.11823
11.7172	8.11812
11.7211	8.11793
11.725	8.1178
11.729	8.11766
11.733	8.11751
11.7366	8.11734
11.7409	8.11718
11.7445	8.11706
11.7485	8.11691
11.7525	8.11671
11.7565	8.11656
11.7613	8.11638
11.7663	8.11567
11.7711	8.11542
11.7746	8.11529
11.7786	8.11514
11.7845	8.11439
11.7885	8.11417
11.7943	8.11344
11.7999	8.11273
11.8066	8.11195
11.8094	8.11178
11.8158	8.11101
11.8215	8.11033
11.8264	8.10971
11.8303	8.10944
11.836	8.10877
11.8416	8.10811
11.8472	8.10746
11.8512	8.10717
11.8568	8.10651
11.8624	8.10586
11.8676	8.10525
11.8729	8.10484
11.8772	8.10429
11.8836	8.10359
11.8891	8.10296
11.8931	8.10263
11.8985	8.102
11.9032	8.10146
11.9086	8.10085
11.9126	8.10051
11.918	8.09991
11.9234	8.09928
11.9287	8.09865
11.9323	8.09832
11.9386	8.09761
11.9429	8.09709
11.949	8.09644
11.9522	8.09614
11.9575	8.09557
11.9627	8.09501
11.9679	8.09445
11.9719	8.09406
11.9771	8.09352
11.9822	8.09298
11.9873	8.09244
11.9913	8.09205
11.996	8.09156
12.0017	8.09116
12.0066	8.09085
12.0106	8.09044
12.0167	8.09
12.021	8.0897
12.027	8.08924
12.0302	8.08891
12.0353	8.08853
12.0412	8.08807
12.0453	8.08775
12.0493	8.08734
12.0551	8.08686
12.0591	8.08653
12.064	8.08611
12.0675	8.08574
12.0731	8.08524
12.077	8.0849
12.0825	8.08433
12.0864	8.08392
12.0903	8.08351
12.0949	8.08303
12.0995	8.08255
12.1035	8.08214
12.1081	8.08166
12.1127	8.08119
12.1172	8.08072
12.1212	8.0803
12.1257	8.07984
12.1302	8.07937
12.1343	8.07901
12.1391	8.07851
12.1435	8.0781
12.1474	8.07784
12.1511	8.07758
12.155	8.07716
12.1602	8.07673
12.1638	8.07647
12.1681	8.07613
12.1721	8.07571
12.176	8.0754
12.1803	8.07505
12.1845	8.0747
12.1886	8.07427
12.1932	8.07397
12.1973	8.07374
12.2016	8.07348
12.2056	8.07307
12.21	8.07281
12.2144	8.07255
12.2188	8.0723
12.2227	8.0719
12.227	8.07166
12.2314	8.07141
12.2357	8.07117
12.2397	8.07077
12.2441	8.07053
12.248	8.07034
12.2532	8.07002
12.2572	8.06963
12.2607	8.06948
12.2658	8.06918
12.2693	8.06904
12.2733	8.06865
12.2775	8.06844
12.2818	8.06823
12.286	8.06803
12.2899	8.06765
12.2941	8.06745
12.2983	8.06724
12.3021	8.06708
12.3061	8.06671
12.3103	8.06647
12.3153	8.06615
12.3187	8.06599
12.3228	8.06562
12.3269	8.06539
12.3311	8.06516
12.3353	8.06494
12.3393	8.06457
12.3434	8.06436
12.3475	8.06414
12.3513	8.06396
12.3553	8.0636
12.3602	8.06332
12.3643	8.06311
12.3675	8.06298
12.3723	8.06255
12.3764	8.06235
12.3797	8.06226
12.3837	8.06192
12.3878	8.0617
12.3919	8.06149
12.396	8.06128
12.4	8.06112
12.404	8.06078
12.4081	8.06062
12.4122	8.06046
12.4158	8.06016
12.4202	8.05998
12.4239	8.05985
12.4279	8.0597
12.4319	8.05938
12.4359	8.05923
12.4399	8.05907
12.4439	8.05892
12.4479	8.05876
12.4519	8.05845
12.4555	8.05833
12.4607	8.05808
12.4635	8.05802
12.4683	8.05765
12.4726	8.05748
12.4752	8.05742
12.4794	8.05711
12.4832	8.05696
12.487	8.05682
12.4907	8.05667
12.4945	8.05652
12.4993	8.05617
12.5022	8.05609
12.5058	8.05595
12.5096	8.05569
12.5136	8.05552
12.5176	8.05536
12.521	8.05524
12.525	8.05497
12.5287	8.05482
12.5327	8.05467
12.5364	8.05491
12.5404	8.05465
12.5443	8.05453
12.5482	8.05441
12.5508	8.0542
12.553	8.05401
12.5578	8.05374
12.5603	8.05355
12.5629	8.05334
12.5661	8.05317
12.5687	8.05296
12.5734	8.05275
12.5753	8.05255
12.5793	8.05237
12.583	8.05219
12.5868	8.05201
12.5905	8.05183
12.5945	8.05165
12.5979	8.05149
12.6025	8.05128
12.6066	8.0511
12.6094	8.05098
12.6132	8.05081
12.6169	8.05064
12.6206	8.05047
12.6247	8.0503
12.6284	8.05013
12.6321	8.04996
12.6359	8.04979
12.6399	8.04963
12.6437	8.04945
12.6474	8.04928
12.6508	8.04912
12.6556	8.04894
12.6585	8.0488
12.6631	8.0486
12.6667	8.04842
12.6707	8.04827
12.6736	8.04812
12.678	8.04791
12.6817	8.04773
12.6849	8.04762
12.6886	8.04744
12.6923	8.04725
12.6956	8.04708
12.7006	8.04691
12.7037	8.04672
12.7071	8.04651
12.712	8.04626
12.7148	8.04617
12.7184	8.04594
12.7221	8.04572
12.7258	8.04549
12.7298	8.04536
12.7334	8.04514
12.7371	8.04491
12.7407	8.04468
12.744	8.04447
12.7488	8.04432
12.7525	8.04408
12.7565	8.04384
12.759	8.04365
12.7638	8.0435
12.7666	8.04329
12.7711	8.04302
12.7748	8.04278
12.7788	8.04266
12.7817	8.04244
12.7853	8.04219
12.7888	8.04195
12.7936	8.04181
12.7967	8.04158
12.8003	8.04134
12.8035	8.04109
12.8085	8.04095
12.8112	8.04073
12.8148	8.04047
12.8188	8.04036
12.8221	8.04022
12.8253	8.04009
12.8285	8.03997
12.8325	8.03986
12.8357	8.03973
12.8385	8.03962
12.843	8.03946
12.845	8.03936
12.8498	8.03922
12.8531	8.03909
12.8563	8.03896
12.8595	8.03888
12.8627	8.03875
12.8668	8.03859
12.87	8.03846
12.8732	8.03837
12.8765	8.03823
12.8797	8.03808
12.883	8.03794
12.887	8.03783
12.8899	8.03769
12.8933	8.03752
12.8966	8.03736
12.8997	8.0372
12.9045	8.03707
12.907	8.03693
12.9103	8.03677
12.9143	8.03666
12.9177	8.0365
12.921	8.03633
12.9243	8.03616
12.9283	8.03605
12.9316	8.03589
12.9347	8.03572
12.9377	8.03579
12.9416	8.03581
12.9456	8.03571
12.949	8.03551
12.9523	8.0353
12.9555	8.03522
12.9589	8.03501
12.9623	8.03481
12.9656	8.03461
12.9685	8.03442
12.9736	8.03429
12.9761	8.03413
12.9797	8.03394
12.9827	8.03376
12.9877	8.03363
12.9901	8.03346
12.9935	8.03323
12.9975	8.03313
13.0009	8.0329
13.0051	8.03266
13.0077	8.03246
13.0118	8.03235
13.0152	8.03213
13.0186	8.0319
13.0219	8.03168
13.0257	8.03158
13.029	8.03136
13.0323	8.03114
13.0355	8.03093
13.0397	8.0307
13.0437	8.0306
13.0471	8.0304
13.0505	8.0302
13.0545	8.0301
13.0572	8.02989
13.0606	8.02965
13.0641	8.02942
13.0671	8.02919
13.0722	8.02907
13.0748	8.02885
13.0782	8.02862
13.082	8.02853
13.0854	8.0283
13.0896	8.02804
13.0922	8.02781
13.0963	8.02772
13.0997	8.0275
13.1032	8.02732
13.1066	8.02714
13.1106	8.02704
13.1141	8.02686
13.1176	8.02668
13.121	8.02647
13.1251	8.02638
13.1281	8.02617
13.1324	8.02595
13.135	8.02576
13.1385	8.02554
13.1433	8.02544
13.146	8.02526
13.1494	8.02506
13.1534	8.02498
13.1569	8.02479
13.1598	8.02448
13.1632	8.02431
13.1671	8.02425
13.1705	8.02406
13.1741	8.02385
13.1771	8.02362
13.1812	8.02356
13.1846	8.02332
13.188	8.02308
13.1914	8.02284
13.1955	8.02278
13.1992	8.02268
13.203	8.02258
13.2069	8.02246
13.211	8.02239
13.2148	8.0223
13.2188	8.02221
13.222	8.02211
13.227	8.02201
13.23	8.0219
13.2347	8.02175
13.2386	8.02161
13.2426	8.02151
13.2458	8.02138
13.2506	8.02122
13.2537	8.0211
13.2578	8.02099
13.2616	8.02085
13.2656	8.0207
13.2695	8.02055
13.2738	8.02043
13.2775	8.02032
13.2817	8.0202
13.2852	8.0201
13.2891	8.02
13.294	8.01985
13.2971	8.01974
13.301	8.01961
13.305	8.01948
13.309	8.01935
13.3129	8.01922
13.3169	8.0191
13.3209	8.01895
13.3247	8.01884
13.3287	8.01871
13.3325	8.0186
13.3372	8.01846
13.3413	8.0183
13.3453	8.0182
13.3492	8.0181
13.3533	8.01794
13.3565	8.01787
13.3605	8.01776
13.3645	8.01765
13.3683	8.01749
13.3723	8.01737
13.3766	8.01723
13.3804	8.01712
13.3842	8.01696
13.3882	8.01685
13.3921	8.01674
13.396	8.01664
13.3999	8.01647
13.4037	8.01639
13.4075	8.01632
13.4113	8.01624
13.4153	8.01606
13.4191	8.01598
13.4231	8.01586
13.4271	8.01575
13.4307	8.01566
13.4357	8.01542
13.4389	8.01536
13.4428	8.01524
13.4476	8.01501
13.4508	8.01492
13.4557	8.01475
13.4588	8.01466
13.4629	8.01447
13.4669	8.01434
13.4708	8.01421
13.4748	8.01408
13.4786	8.0139
13.4828	8.01376
13.4867	8.01365
13.4905	8.01353
13.4943	8.01343
13.4993	8.01318
13.5022	8.01312
13.5062	8.01301
13.5102	8.01281
13.5142	8.0127
13.5182	8.01259
13.5222	8.01247
13.5262	8.01226
13.5302	8.01215
13.5341	8.01204
13.5381	8.01192
13.5419	8.01172
13.5459	8.0116
13.5497	8.01149
13.5537	8.01137
13.5576	8.01127
13.5624	8.01101
13.5656	8.01095
13.5696	8.01083
13.5736	8.01062
13.5776	8.0105
13.5814	8.01039
13.5854	8.01028
13.5894	8.01006
13.5934	8.00994
13.5974	8.00981
13.6011	8.00971
13.6052	8.00949
13.6091	8.00938
13.6131	8.00927
13.617	8.00914
13.6211	8.00893
13.625	8.0088
13.629	8.00868
13.6327	8.00857
13.6368	8.00835
13.641	8.00821
13.6448	8.00809
13.6487	8.00796
13.6528	8.00774
13.6568	8.0076
13.6606	8.00756
13.6646	8.00742
13.6686	8.0072
13.6727	8.00715
13.6767	8.0071
13.6806	8.00706
13.6848	8.00683
13.6887	8.00669
13.6925	8.00658
13.6966	8.00652
13.7006	8.0063
13.7047	8.00623
13.7085	8.00618
13.7127	8.00609
13.717	8.00586
13.7206	8.00582
13.7246	8.00567
13.7286	8.00553
13.7326	8.0053
13.7366	8.00516
13.7406	8.00501
13.7444	8.00488
13.7484	8.00466
13.7524	8.00451
13.7562	8.00438
13.7601	8.00422
13.7642	8.00407
13.769	8.00379
13.7722	8.00368
13.7765	8.00333
13.7805	8.00311
13.7845	8.00278
13.7895	8.00241
13.7929	8.00213
13.7971	8.0019
13.8008	8.00175
13.8047	8.0016
13.8086	8.00144
13.8126	8.00122
13.8164	8.00107
13.8204	8.00091
13.8244	8.00073
13.8284	8.0005
13.8324	8.00033
13.8364	8.00017
13.8404	8.00001
13.8445	7.99978
13.8483	7.99964
13.8522	7.99948
13.856	7.99934
13.8602	7.9991
13.8642	7.99894
13.868	7.99879
13.872	7.99863
13.8768	7.99844
13.8808	7.9982
13.884	7.99809
13.8878	7.99794
13.8918	7.99771
13.896	7.99753
13.9	7.99736
13.9038	7.99721
13.9078	7.99698
13.9118	7.99681
13.9158	7.99664
13.9198	7.99648
13.9237	7.99626
13.9277	7.9961
13.9317	7.99593
13.9356	7.99577
13.9396	7.99553
13.9434	7.99538
13.9474	7.99522
13.9514	7.99505
13.9554	7.99481
13.9594	7.99464
13.9634	7.99447
13.9674	7.9943
13.9712	7.99415
13.976	7.99386
13.98	7.99368
13.984	7.9935
13.988	7.99326
13.991	7.99314
13.9958	7.99293
13.9993	7.99268
14.0031	7.99245
14.0073	7.99217
14.0114	7.99189
14.0154	7.99171
14.0194	7.99148
14.0233	7.99129
14.0271	7.99112
14.0311	7.99094
14.0351	7.9907
14.0391	7.99051
14.0429	7.99034
14.0468	7.99015
14.0511	7.98991
14.0548	7.98972
14.0588	7.98953
14.0629	7.98934
14.0669	7.9891
14.0709	7.98892
14.0747	7.98874
14.0794	7.98849
14.0826	7.9883
14.0868	7.98809
14.0905	7.9879
14.0945	7.9877
14.0985	7.98746
14.1022	7.98727
14.1062	7.98707
14.1102	7.98687
14.1142	7.98663
14.1182	7.98644
14.1221	7.98625
14.1261	7.98605
14.1299	7.98582
14.1339	7.98562
14.1379	7.98542
14.1419	7.98521
14.1459	7.98497
14.1499	7.98468
14.154	7.9844
14.1578	7.98414
14.1618	7.98389
14.1658	7.98368
14.1698	7.98339
14.1739	7.98311
14.1779	7.98286
14.1817	7.9826
14.1857	7.98239
14.1896	7.98217
14.1944	7.98188
14.1973	7.98172
14.202	7.98146
14.2051	7.98128
14.2093	7.98102
14.213	7.9808
14.217	7.98057
14.2207	7.98023
14.2245	7.97999
14.2284	7.97962
14.2321	7.97934
14.2358	7.97903
14.2399	7.97877
14.2436	7.97845
14.2474	7.97812
14.2508	7.9778
14.2549	7.97754
14.2587	7.97718
14.2625	7.97699
14.2661	7.97661
14.2701	7.97635
14.2737	7.97596
14.277	7.97558
14.2805	7.97519
14.2844	7.975
14.2892	7.97468
14.2932	7.97448
14.2972	7.97427
14.3014	7.97399
14.3044	7.97386
14.3084	7.97365
14.3124	7.97345
14.3164	7.97319
14.3204	7.97298
14.3244	7.97278
14.3283	7.97259
14.3324	7.97232
14.3362	7.97214
14.3402	7.97194
14.344	7.97174
14.3482	7.97146
14.352	7.97127
14.3562	7.97106
14.3601	7.97087
14.3641	7.97061
14.3681	7.97042
14.3721	7.97022
14.3761	7.97003
14.3801	7.96977
14.3839	7.9696
14.3887	7.96937
14.3927	7.96918
14.3957	7.96906
14.4005	7.96875
14.4047	7.96855
14.4079	7.96842
14.4118	7.96817
14.4157	7.96798
14.4198	7.96779
14.4238	7.96761
14.4278	7.96735
14.4318	7.96717
14.4358	7.96698
14.4398	7.9668
14.4438	7.96654
14.4477	7.96637
14.4515	7.96619
14.4555	7.96599
14.4595	7.96573
14.4635	7.96554
14.4675	7.96535
14.4715	7.96516
14.4755	7.9649
14.4795	7.96471
14.4836	7.96452
14.4876	7.96433
14.4914	7.96409
14.4954	7.9639
14.5	7.96367
14.5041	7.96347
14.5073	7.96327
14.5111	7.96309
14.5151	7.9629
14.5191	7.96271
14.5231	7.96245
14.527	7.96227
14.531	7.96208
14.535	7.9619
14.539	7.96164
14.543	7.96146
14.5469	7.96127
14.5507	7.96108
14.5547	7.96083
14.5588	7.96063
14.5628	7.96043
14.5668	7.96023
14.5708	7.95997
14.5748	7.95978
14.5788	7.95959
14.5827	7.9594
14.5867	7.95915
14.5906	7.95896
14.5946	7.95877
14.5985	7.95858
14.6023	7.95834
14.6061	7.95816
14.611	7.95791
14.6142	7.95776
14.6182	7.95751
14.6223	7.95731
14.6263	7.95711
14.6303	7.95691
14.6344	7.95666
14.6384	7.95646
14.6423	7.95626
14.6464	7.95606
14.65	7.95583
14.6552	7.95555
14.6581	7.95542
14.6621	7.95522
14.6659	7.95498
14.6701	7.95476
14.6741	7.95455
14.6779	7.95436
14.6819	7.95411
14.6859	7.9539
14.6899	7.9537
14.6939	7.9535
14.6979	7.95325
14.7019	7.95305
14.7059	7.95285
14.7095	7.95268
14.7135	7.95242
14.7183	7.95218
14.7223	7.95198
14.7255	7.95184
14.7295	7.95158
14.7335	7.95139
14.7375	7.95119
14.7415	7.951
14.7456	7.95074
14.7496	7.95055
14.7536	7.95037
14.7575	7.9502
14.7613	7.94995
14.7655	7.94975
14.7693	7.94958
14.7735	7.94939
14.7774	7.94915
14.7814	7.94896
14.7854	7.94877
14.7894	7.94858
14.7934	7.94833
14.7974	7.94814
14.8014	7.94795
14.8054	7.94777
14.8095	7.94751
14.8133	7.94734
14.8183	7.94709
14.8211	7.94698
14.8251	7.94672
14.8299	7.94649
14.8331	7.94632
14.8371	7.94611
14.8411	7.94586
14.8451	7.94565
14.8491	7.94544
14.853	7.94524
14.857	7.94499
14.861	7.94478
14.865	7.94457
14.869	7.94436
14.8726	7.94413
14.8766	7.94392
14.8803	7.94378
14.884	7.94365
14.888	7.94339
14.8918	7.94325
14.8955	7.94312
14.8992	7.94299
14.9032	7.94273
14.9069	7.9426
14.9107	7.94247
14.9144	7.94234
14.918	7.9421
14.9225	7.94191
14.9263	7.94178
14.9301	7.94164
14.9333	7.94143
14.937	7.94129
14.9416	7.94109
14.9446	7.94101
14.9486	7.94074
14.9524	7.9406
14.9562	7.94046
14.96	7.94032
14.964	7.94005
14.9678	7.93991
14.9711	7.9398
14.9749	7.93966
14.9797	7.93934
14.9826	7.93925
14.9864	7.93911
14.9902	7.93897
14.9941	7.9387
14.998	7.93855
15.0018	7.9384
15.0056	7.93825
15.0097	7.93797
15.0133	7.93783
15.0174	7.93766
15.0208	7.93755
15.0257	7.93722
15.0287	7.93714
15.0329	7.93698
15.0365	7.93686

