13.0416	13.0074
13.0416	13.0075
13.042	13.0076
13.0425	13.0074
13.0431	13.0071
13.0436	13.0068
13.0444	13.0063
13.0456	13.0055
13.047	13.0047
13.0485	13.0035
13.0503	13.0021
13.0526	13.0002
13.0549	12.9985
13.0575	12.9963
13.0601	12.9941
13.0636	12.9909
13.0666	12.9883
13.0707	12.9847
13.0746	12.9811
13.0779	12.9781
13.0822	12.974
13.0865	12.9699
13.0899	12.9666
13.0942	12.9627
13.0984	12.9586
13.1027	12.9544
13.1069	12.9502
13.1118	12.9454
13.1152	12.942
13.1196	12.9377
13.1242	12.933
13.1284	12.9288
13.1321	12.9253
13.1368	12.9205
13.1409	12.9163
13.1451	12.912
13.1486	12.9085
13.1532	12.9037
13.1567	12.9002
13.1608	12.896
13.1648	12.8917
13.1689	12.8875
13.1729	12.8833
13.1772	12.8788
13.1807	12.875
13.1852	12.8702
13.1891	12.866
13.1931	12.8618
13.1971	12.8576
13.201	12.8533
13.205	12.849
13.2088	12.8448
13.2127	12.8405
13.2158	12.8372
13.2194	12.8331
13.2235	12.8287
13.227	12.8247
13.2308	12.8206
13.2349	12.8159
13.2382	12.8122
13.2419	12.808
13.2459	12.8032
13.2492	12.7995
13.2528	12.7954
13.2565	12.7911
13.2606	12.7863
13.2642	12.7821
13.2677	12.7778
13.2711	12.7739
13.2742	12.7702
13.2776	12.7659
13.2811	12.7617
13.2846	12.7575
13.288	12.7534
13.2913	12.7491
13.2952	12.7444
13.2985	12.7402
13.3017	12.7363
13.3045	12.7325
13.3078	12.7284
13.3111	12.7241
13.3147	12.7194
13.3178	12.7152
13.321	12.711
13.3235	12.7076
13.3266	12.7034
13.3296	12.6992
13.3327	12.6951
13.3356	12.6909
13.3386	12.6868
13.3415	12.6827
13.3445	12.6784
13.3473	12.6743
13.35	12.6703
13.3524	12.6668
13.355	12.6629
13.3575	12.6591
13.3603	12.655
13.3626	12.6513
13.3649	12.6478
13.367	12.6447
13.3688	12.6418
13.3708	12.6386
13.3728	12.6355
13.3747	12.6324
13.3766	12.6293
13.3785	12.6261
13.3805	12.6228
13.382	12.6201
13.3841	12.6166
13.3857	12.6139
13.3874	12.6109
13.3893	12.6074
13.391	12.6043
13.3927	12.6013
13.3943	12.5983
13.3957	12.5959
13.3973	12.5929
13.3988	12.5899
13.4003	12.587
13.4018	12.584
13.4033	12.5811
13.4046	12.5784
13.406	12.5755
13.4074	12.5726
13.4088	12.5697
13.4101	12.5669
13.4115	12.5641
13.413	12.5608
13.4142	12.558
13.4155	12.5551
13.4166	12.5525
13.4177	12.55
13.4188	12.5472
13.4199	12.5444
13.421	12.5417
13.4221	12.539
13.4231	12.5364
13.4241	12.5337
13.4251	12.531
13.426	12.5283
13.4271	12.5252
13.428	12.5225
13.4287	12.5202
13.4296	12.5176
13.4305	12.5146
13.4313	12.5121
13.432	12.5095
13.4327	12.5072
13.4335	12.5045
13.4342	12.5019
13.4349	12.4993
13.4355	12.4967
13.4362	12.4941
13.4368	12.4913
13.4373	12.4891
13.4379	12.4865
13.4384	12.4839
13.4389	12.4814
13.4395	12.4785
13.4399	12.4763
13.4404	12.4734
13.4408	12.4708
13.4412	12.4683
13.4416	12.4661
13.4419	12.4636
13.4422	12.4609
13.4426	12.4584
13.4429	12.4558
13.4432	12.4532
13.4434	12.4505
13.4436	12.4482
13.4438	12.4455
13.444	12.4428
13.4442	12.4402
13.4444	12.4375
13.4445	12.4348
13.4446	12.4319
13.4447	12.4289
13.4448	12.4263
13.4448	12.4238
13.4448	12.4209
13.4449	12.418
13.4449	12.415
13.4448	12.412
13.4448	12.4087
13.4447	12.4059
13.4446	12.4028
13.4445	12.3995
13.4443	12.396
13.4442	12.3927
13.444	12.3891
13.4437	12.3854
13.4434	12.3809
13.443	12.3764
13.4426	12.3718
13.4423	12.3675
13.4418	12.3624
13.4411	12.3571
13.4406	12.3518
13.4399	12.3462
13.4392	12.3408
13.4385	12.3356
13.4378	12.3306
13.4369	12.3257
13.4363	12.3209
13.4359	12.3164
13.4355	12.312
13.4347	12.3072
13.4343	12.3032
13.434	12.2996
13.4335	12.2963
13.4332	12.2926
13.4328	12.289
13.4323	12.2854
13.4319	12.2818
13.4315	12.2783
13.4313	12.2752
13.431	12.2721
13.4307	12.2689
13.4306	12.2656
13.4306	12.263
13.4305	12.2602
13.4304	12.257
13.4304	12.2542
13.4304	12.2515
13.4304	12.2488
13.4302	12.2463
13.4303	12.2434
13.4304	12.2406
13.4304	12.2377
13.4306	12.235
13.4307	12.2322
13.4309	12.2294
13.431	12.2268
13.4312	12.2241
13.4314	12.2213
13.4317	12.2185
13.432	12.2156
13.4322	12.2129
13.4326	12.2097
13.433	12.2068
13.4334	12.2039
13.4338	12.2011
13.4342	12.1985
13.4346	12.1954
13.4352	12.1924
13.4357	12.1892
13.4363	12.1861
13.4369	12.1829
13.4375	12.1799
13.4381	12.1767
13.4388	12.1735
13.4395	12.1702
13.4402	12.1668
13.441	12.1635
13.4419	12.1597
13.4427	12.1563
13.4435	12.153
13.4442	12.1499
13.4451	12.1464
13.4461	12.1429
13.447	12.1393
13.448	12.1358
13.449	12.1323
13.45	12.1286
13.4511	12.1249
13.4523	12.121
13.4534	12.1172
13.4547	12.1131
13.4562	12.1084
13.4574	12.1045
13.4591	12.0995
13.4607	12.0948
13.4623	12.0901
13.4638	12.0856
13.4653	12.0813
13.467	12.0765
13.4688	12.0716
13.4705	12.0667
13.4723	12.0618
13.4742	12.0568
13.4759	12.0522
13.4778	12.0472
13.4797	12.0422
13.4817	12.0373
13.4837	12.0322
13.486	12.0266
13.488	12.0215
13.4901	12.0164
13.492	12.0117
13.4939	12.0072
13.4961	12.0021
13.4982	11.997
13.5004	11.9918
13.5026	11.9869
13.5048	11.9817
13.5071	11.9766
13.5094	11.9715
13.5116	11.9663
13.514	11.961
13.5164	11.9558
13.5188	11.9505
13.5215	11.9446
13.5236	11.94
13.5263	11.9344
13.5285	11.9298
13.5309	11.9245
13.5335	11.9193
13.536	11.914
13.5386	11.9087
13.541	11.9036
13.5436	11.8982
13.5462	11.8929
13.5488	11.8878
13.5514	11.8824
13.5541	11.8771
13.5568	11.8716
13.5598	11.8657
13.5621	11.861
13.5652	11.855
13.568	11.8495
13.5706	11.8444
13.573	11.8397
13.5758	11.8343
13.5786	11.829
13.5814	11.8236
13.5841	11.8184
13.5869	11.813
13.5898	11.8075
13.5925	11.8023
13.5957	11.7962
13.5983	11.7915
13.6011	11.786
13.6044	11.7799
13.607	11.7752
13.6103	11.7691
13.6132	11.7636
13.616	11.7585
13.6185	11.7537
13.6215	11.7483
13.6245	11.7428
13.6275	11.7373
13.6304	11.7321
13.6335	11.7264
13.6364	11.7211
13.6395	11.7154
13.6428	11.7095
13.6454	11.7047
13.6484	11.6992
13.6515	11.6937
13.6546	11.6882
13.6576	11.6827
13.6609	11.6769
13.6636	11.672
13.6667	11.6665
13.6698	11.6609
13.6729	11.6554
13.676	11.6499
13.6791	11.6444
13.6822	11.6389
13.6851	11.6338
13.6882	11.6282
13.6914	11.6226
13.6946	11.617
13.6982	11.6107
13.701	11.6058
13.7041	11.6003
13.7073	11.5947
13.7109	11.5884
13.7139	11.5832
13.7167	11.5783
13.7199	11.5727
13.7231	11.5671
13.7262	11.5615
13.7294	11.556
13.7325	11.5505
13.7355	11.5454
13.7386	11.5399
13.7417	11.5344
13.7448	11.5289
13.748	11.5234
13.7511	11.5179
13.7543	11.5123
13.7574	11.5068
13.7607	11.501
13.7635	11.4962
13.7666	11.4907
13.7697	11.4853
13.7727	11.4799
13.7757	11.4745
13.7788	11.4691
13.7818	11.4638
13.7847	11.4588
13.7876	11.4535
13.7906	11.4482
13.7936	11.4429
13.7966	11.4376
13.7996	11.4322
13.8025	11.427
13.8058	11.421
13.8085	11.4161
13.8111	11.4115
13.814	11.4063
13.8169	11.4013
13.8198	11.3962
13.8227	11.3912
13.8256	11.3861
13.8285	11.3811
13.831	11.3763
13.8338	11.3712
13.8366	11.3661
13.8393	11.361
13.8421	11.3559
13.8449	11.351
13.848	11.3452
13.8507	11.3401
13.8532	11.3353
13.8557	11.3305
13.8586	11.3251
13.861	11.3205
13.8636	11.3154
13.8662	11.3103
13.8688	11.3052
13.8712	11.3006
13.8737	11.2955
13.8763	11.2904
13.8789	11.2852
13.8814	11.2801
13.884	11.275
13.8865	11.2698
13.8891	11.2646
13.8916	11.2594
13.8943	11.2539
13.8964	11.2495
13.8988	11.2443
13.9013	11.2392
13.9038	11.234
13.9062	11.2288
13.9086	11.2237
13.911	11.2186
13.9132	11.2137
13.9156	11.2086
13.918	11.2034
13.9203	11.1983
13.9226	11.1932
13.9249	11.188
13.9273	11.1828
13.9296	11.1776
13.932	11.1722
13.9341	11.1674
13.9366	11.1617
13.9386	11.1571
13.9409	11.1518
13.9431	11.1465
13.9454	11.1412
13.9477	11.1359
13.9497	11.131
13.952	11.1257
13.9541	11.1204
13.9563	11.1151
13.9585	11.1098
13.9607	11.1044
13.9629	11.099
13.9652	11.0932
13.9674	11.088
13.9696	11.0825
13.9714	11.0777
13.9737	11.0724
13.9757	11.067
13.9779	11.0615
13.98	11.0559
13.9822	11.0504
13.9842	11.0451
13.9863	11.0395
13.9884	11.034
13.9906	11.0283
13.9927	11.0227
13.9949	11.017
13.9972	11.0106
13.9991	11.0056
14.0014	10.9995
14.0034	10.9942
14.0059	10.9878
14.0077	10.9827
14.0099	10.9767
14.0121	10.9708
14.0143	10.9648
14.0165	10.9587
14.0185	10.9531
14.0207	10.9471
14.023	10.9412
14.0252	10.9352
14.0274	10.9293
14.0295	10.9236
14.0317	10.9177
14.0339	10.912
14.0362	10.9057
14.0383	10.9002
14.0402	10.8951
14.0426	10.8889
14.0444	10.884
14.0466	10.8785
14.0487	10.8729
14.0508	10.8675
14.0528	10.8624
14.0549	10.857
14.0571	10.8516
14.0592	10.8463
14.0613	10.841
14.0634	10.8357
14.0656	10.8304
14.068	10.8246
14.07	10.8199
14.0722	10.8144
14.0741	10.8099
14.0764	10.8047
14.0786	10.7995
14.0809	10.7942
14.0831	10.7891
14.0854	10.7839
14.0876	10.779
14.09	10.7737
14.0923	10.7685
14.0946	10.7633
14.0971	10.758
14.0995	10.7528
14.102	10.7474
14.1046	10.7418
14.1068	10.737
14.1095	10.7313
14.1117	10.7266
14.1143	10.7212
14.1169	10.7158
14.1194	10.7105
14.1221	10.705
14.1247	10.6996
14.1274	10.6941
14.1299	10.689
14.1326	10.6835
14.1355	10.6777
14.1379	10.6729
14.1406	10.6674
14.1434	10.6619
14.1464	10.6558
14.1489	10.651
14.1519	10.6449
14.1544	10.6401
14.1573	10.6345
14.16	10.6291
14.1629	10.6235
14.1658	10.6179
14.1687	10.6122
14.1714	10.607
14.1742	10.6015
14.1771	10.596
14.1804	10.5897
14.1829	10.5849
14.1857	10.5794
14.1886	10.5739
14.1913	10.5687
14.1944	10.5627
14.1973	10.5572
14.2002	10.5518
14.2033	10.5459
14.206	10.541
14.2089	10.5355
14.2119	10.5299
14.2148	10.5244
14.2175	10.5192
14.2205	10.5138
14.2234	10.5083
14.2263	10.5028
14.2291	10.4974
14.2321	10.492
14.2353	10.4858
14.2378	10.4811
14.2409	10.4753
14.2436	10.4703
14.2466	10.4645
14.2492	10.4598
14.252	10.4544
14.2548	10.449
14.2576	10.4436
14.2604	10.4383
14.2633	10.4329
14.2663	10.4273
14.2687	10.4226
14.2717	10.4168
14.274	10.4123
14.2767	10.4072
14.2794	10.402
14.2824	10.3961
14.2849	10.3913
14.2872	10.3868
14.2902	10.381
14.2925	10.3764
14.2951	10.3713
14.2977	10.3661
14.3002	10.361
14.3027	10.3559
14.3052	10.3509
14.3076	10.346
14.3101	10.3409
14.3125	10.3358
14.315	10.3308
14.3174	10.3258
14.3198	10.3208
14.3223	10.3154
14.3245	10.3108
14.3269	10.3054
14.329	10.3011
14.3313	10.2961
14.3335	10.2911
14.3358	10.2861
14.338	10.2811
14.3401	10.2761
14.3423	10.2712
14.3445	10.2659
14.3463	10.2617
14.3486	10.2562
14.3504	10.2519
14.3524	10.247
14.3544	10.2421
14.3566	10.2367
14.3583	10.2324
14.3603	10.2273
14.362	10.223
14.3638	10.2182
14.3657	10.2133
14.3675	10.2084
14.3694	10.2034
14.3713	10.1984
14.373	10.1937
14.3747	10.1888
14.3765	10.1838
14.3783	10.1789
14.3803	10.1732
14.3823	10.1671
14.384	10.1621
14.3858	10.1568
14.3874	10.152
14.3891	10.1467
14.3906	10.1423
14.3923	10.1366
14.3938	10.1322
14.3958	10.1256
14.3973	10.1205
14.3989	10.1154
14.4004	10.1103
14.4018	10.1053
14.4033	10.1002
14.4047	10.0951
14.4062	10.0899
14.4076	10.0847
14.4091	10.0788
14.4104	10.0742
14.4118	10.0687
14.4131	10.0639
14.4145	10.0582
14.4156	10.0537
14.4169	10.0485
14.4182	10.0433
14.4194	10.0381
14.4206	10.0329
14.4219	10.0273
14.423	10.0227
14.4242	10.0173
14.4254	10.012
14.4266	10.0066
14.4277	10.0013
14.4289	9.9959
14.43	9.99022
14.4311	9.9852
14.4322	9.97948
14.4332	9.97477
14.4342	9.96933
14.4353	9.96385
14.4364	9.95836
14.4374	9.95281
14.4384	9.9473
14.4394	9.94191
14.4404	9.93637
14.4414	9.93085
14.4424	9.92511
14.4434	9.91919
14.4445	9.91301
14.4453	9.90788
14.4464	9.90164
14.4473	9.89598
14.4483	9.88972
14.4491	9.88448
14.4501	9.87848
14.451	9.87251
14.4519	9.8665
14.4529	9.86036
14.4538	9.85426
14.4547	9.84811
14.4556	9.84207
14.4565	9.83583
14.4574	9.82962
14.4584	9.82304
14.4594	9.81595
14.4602	9.81027
14.4612	9.80337
14.4621	9.79727
14.4631	9.79052
14.4639	9.78504
14.4648	9.7789
14.4657	9.7729
14.4666	9.76708
14.4674	9.76144
14.4683	9.75588
14.4691	9.75035
14.47	9.74508
14.4709	9.74014
14.4718	9.73509
14.4727	9.73017
14.4737	9.72529
14.4747	9.71996
14.4756	9.71642
14.4765	9.71205
14.4773	9.70844
14.4782	9.70439
14.4789	9.70121
14.4798	9.69791
14.4806	9.69451
14.4814	9.69115
14.4823	9.68784
14.4831	9.68447
14.4841	9.68127
14.4849	9.67812
14.4858	9.67496
14.4868	9.67127
14.4877	9.66849
14.4886	9.66551
14.4896	9.66215
14.4905	9.65928
14.4916	9.65592
14.4926	9.65316
14.4937	9.64979
14.4945	9.64695
14.4956	9.64386
14.4966	9.64059
14.4978	9.63742
14.4988	9.63437
14.4999	9.6313
14.5011	9.62789
14.5023	9.62442
14.5034	9.62159
14.5045	9.61838
14.5058	9.61514
14.5071	9.61166
14.5083	9.60857
14.5097	9.60507
14.5108	9.60212
14.5121	9.59891
14.5135	9.59556
14.5149	9.59218
14.5164	9.58876
14.5179	9.58527
14.5194	9.58164
14.5212	9.57761
14.5228	9.57405
14.5247	9.5699
14.527	9.56505
14.5288	9.56116
14.531	9.55656
14.5332	9.55185
14.5357	9.54677
14.5379	9.54228
14.5405	9.53714
14.5426	9.53292
14.5451	9.52812
14.5476	9.52325
14.5501	9.51837
14.5527	9.51339
14.5556	9.50802
14.5583	9.50295
14.5608	9.49837
14.5637	9.49295
14.5665	9.48778
14.569	9.48322
14.5723	9.47733
14.575	9.47239
14.578	9.46701
14.581	9.4616
14.5841	9.45617
14.5871	9.45072
14.5898	9.44599
14.5933	9.43985
14.5962	9.43468
14.5991	9.42953
14.6024	9.42364
14.6056	9.4181
14.6088	9.41248
14.6116	9.40756
14.6152	9.40124
14.6184	9.39567
14.6216	9.39014
14.6246	9.38494
14.6278	9.37941
14.6309	9.37387
14.6341	9.36835
14.6373	9.36286
14.6404	9.35751
14.6436	9.35182
14.6467	9.34649
14.6497	9.34121
14.6529	9.3358
14.656	9.33038
14.6591	9.32496
14.6622	9.31957
14.6653	9.31419
14.6683	9.30885
14.6712	9.30382
14.6742	9.29844
14.6773	9.29308
14.6804	9.2877
14.6834	9.28249
14.6865	9.27717
14.6895	9.27183
14.6926	9.26659
14.6955	9.26149
14.6984	9.25655
14.7014	9.2513
14.7044	9.24604
14.7074	9.24081
14.7104	9.23559
14.7133	9.23047
14.7162	9.22528
14.7191	9.22008
14.7219	9.21521
14.7248	9.21004
14.7277	9.20492
14.7306	9.19973
14.7334	9.19451
14.7363	9.18932
14.7392	9.1841
14.742	9.17916
14.7447	9.17415
14.7475	9.16901
14.7503	9.16389
14.753	9.15881
14.7558	9.15372
14.7585	9.14874
14.7612	9.14363
14.7639	9.13849
14.7665	9.13367
14.7692	9.12852
14.7719	9.12345
14.7746	9.11833
14.7773	9.1132
14.78	9.10809
14.7826	9.10299
14.785	9.09836
14.7876	9.09329
14.7902	9.0882
14.7928	9.08314
14.7953	9.07809
14.7978	9.07315
14.8003	9.06813
14.8028	9.06316
14.8051	9.05848
14.8075	9.05349
14.8099	9.04862
14.8124	9.0436
14.8148	9.03855
14.8172	9.03351
14.8196	9.02841
14.8219	9.02371
14.8243	9.01853
14.8267	9.01334
14.8292	9.00809
14.8316	9.0028
14.834	8.99755
14.8365	8.99204
14.839	8.98665
14.8414	8.98127
14.8438	8.97584
14.8461	8.97087
14.8485	8.9654
14.851	8.95988
14.8534	8.9543
14.8558	8.94881
14.8584	8.94302
14.8608	8.93745
14.8633	8.93184
14.8658	8.92604
14.8684	8.92025
14.8709	8.9146
14.8734	8.9089
14.8759	8.90306
14.8784	8.89743
14.8807	8.8922
14.8831	8.88677
14.8855	8.88132
14.8879	8.8759
14.8902	8.87053
14.8926	8.8652
14.8948	8.86023
14.8971	8.85499
14.8993	8.84992
14.9016	8.84478
14.9039	8.83965
14.9062	8.83454
14.9084	8.82969
14.9108	8.82469
14.9131	8.81975
14.9155	8.81483
14.9177	8.81034
14.92	8.80553
14.9223	8.80075
14.9247	8.79602
14.927	8.79136
14.9293	8.78678
14.9316	8.78233
14.934	8.77774
14.9363	8.77328
14.9386	8.76874
14.941	8.7643
14.9434	8.75987
14.9458	8.75551
14.9481	8.75126
14.9504	8.74715
14.9526	8.74323
14.9546	8.73958
14.9568	8.73583
14.9589	8.73222
14.9609	8.72874
14.9629	8.72544
14.9649	8.72216
14.9668	8.71894
14.9687	8.71592
14.9707	8.71268
14.9725	8.70986
14.9744	8.70677
14.9764	8.70371
14.9782	8.70088
14.9803	8.69769
14.9823	8.69475
14.9843	8.69179
14.9861	8.68904
14.9881	8.6861
14.9902	8.68319
14.9922	8.68037
14.9941	8.67765
14.9961	8.67483
14.9981	8.67205
15	8.66946
15.0019	8.66681
15.004	8.66409
15.006	8.66142
15.008	8.65885
15.01	8.65621
15.0118	8.65388
15.0138	8.65133
15.0157	8.64889
15.0176	8.64658
15.0196	8.64411
15.0215	8.64178
15.0236	8.63936
15.0256	8.63696
15.0277	8.63456
15.0297	8.63223
15.0317	8.63003
15.0336	8.62788
15.0357	8.6256
15.0378	8.62334
15.0399	8.62109
15.0419	8.619
15.044	8.61679
15.0462	8.61454
15.0483	8.61233
15.0505	8.61016
15.0525	8.60824
15.0547	8.60613
15.0568	8.60403
15.059	8.60197
15.0612	8.59989
15.0634	8.59799
15.0656	8.59597
15.0677	8.59406
15.0699	8.59207
15.0722	8.59007
15.0745	8.58823
15.0768	8.58626
15.0792	8.58426
15.0815	8.58229
15.0837	8.58049
15.0862	8.57859
15.0886	8.57664
15.0909	8.57487
15.0933	8.57299
15.0958	8.57109
15.0983	8.56927
15.1007	8.5675
15.1033	8.56559
15.1061	8.56362
15.1085	8.56186
15.1111	8.56012
15.1138	8.5583
15.1164	8.5565
15.1191	8.5547
15.1209	8.55214
15.1227	8.54968
15.1252	8.54802
15.1279	8.54627
15.1307	8.54451
15.1335	8.54276
15.1361	8.5412
15.1389	8.53946
15.1416	8.53787
15.1444	8.53617
15.1473	8.53447
15.1501	8.53289
15.153	8.5312
15.1559	8.52957
15.1589	8.52792
15.1619	8.52628
15.1648	8.52479
15.1676	8.52326
15.1706	8.52166
15.1737	8.52006
15.1767	8.51848
15.1798	8.51704
15.1829	8.51547
15.186	8.51392
15.1889	8.5125
15.1922	8.51092
15.1952	8.50957
15.1984	8.50807
15.2015	8.5066
15.2048	8.50513
15.208	8.50368
15.2112	8.50234
15.2144	8.50092
15.2176	8.49955
15.2208	8.49817
15.2239	8.49687
15.2271	8.49561
15.2304	8.49427
15.2337	8.49294
15.237	8.49162
15.2403	8.4903
15.2437	8.48908
15.2469	8.48785
15.2503	8.48656
15.2538	8.48529
15.2572	8.48404
15.2607	8.48287
15.2641	8.48165
15.2675	8.48047
15.2709	8.47935
15.2745	8.47814
15.2778	8.47717
15.2814	8.47601
15.285	8.47487
15.2887	8.47374
15.2922	8.47266
15.2959	8.47167
15.2997	8.47055
15.3033	8.4695
15.3071	8.46841
15.311	8.46732
15.3149	8.46636
15.3189	8.46527
15.3229	8.46418
15.327	8.46311
15.3309	8.46212
15.335	8.46119
15.3393	8.46012
15.3436	8.45906
15.348	8.45802
15.3524	8.45698
15.3568	8.45598
15.3614	8.45505
15.366	8.45406
15.3704	8.45311
15.3751	8.45211
15.3798	8.45127
15.3846	8.45031
15.3894	8.44937
15.3942	8.44845
15.3988	8.44762
15.4036	8.44687
15.4085	8.44601
15.4134	8.44516
15.4183	8.44434
15.4232	8.44354
15.428	8.44291
15.433	8.44215
15.4378	8.44145
15.443	8.44069
15.4478	8.44003
15.4527	8.43948
15.4577	8.43883
15.4627	8.4382
15.4678	8.4376
15.4728	8.43701
15.4775	8.43659
15.4826	8.43605
15.4877	8.43552
15.4928	8.435
15.4979	8.43451
15.5029	8.43377
15.5078	8.43293
15.5131	8.43248
15.5179	8.4321
15.5231	8.43171
15.5284	8.43146
15.5334	8.43113
15.5386	8.4308
15.5438	8.43049
15.549	8.43021
15.554	8.43008
15.5591	8.42984
15.5643	8.4296
15.5696	8.42938
15.5748	8.42918
15.5801	8.42913
15.5853	8.42897
15.5906	8.42883
15.5955	8.42873
15.601	8.42864
15.6062	8.42866
15.6115	8.4286
15.6169	8.42855
15.6222	8.42853
15.6275	8.42853
15.6327	8.42814
15.6381	8.42818
15.6432	8.42822
15.6489	8.42828
15.6541	8.42838
15.6596	8.42859
15.6651	8.42871
15.6706	8.42884
15.6759	8.42899
15.6814	8.42917
15.6868	8.42946
15.6922	8.42966
15.6979	8.42985
15.7032	8.43005
15.7087	8.43031
15.7143	8.4307
15.7198	8.43099
15.7253	8.43127
15.7311	8.43159
15.7368	8.43192
15.7424	8.43239
15.7479	8.43274
15.7537	8.43311
15.7592	8.43349
15.7649	8.43389
15.7706	8.43443
15.7763	8.43485
15.782	8.43529
15.7877	8.43574
15.7933	8.43621
15.7991	8.43682
15.8049	8.4373
15.8105	8.4378
15.8163	8.43832
15.8222	8.43885
15.828	8.43951
15.8336	8.44006
15.8395	8.44063
15.8452	8.44119
15.8511	8.44178
15.8569	8.44248
15.863	8.44311
15.8687	8.44371
15.8746	8.44435
15.8805	8.44499
15.8862	8.44575
15.8921	8.44642
15.898	8.44709
15.9038	8.44774
15.9098	8.44845
15.9158	8.44928
15.9218	8.44999
15.9278	8.4507
15.9336	8.45141
15.9397	8.45215
15.9458	8.45301
15.9516	8.45374
15.9574	8.45394
15.9632	8.45414
15.969	8.45433
15.975	8.45522
15.9811	8.45601
15.9871	8.45679
15.9928	8.45754
15.9989	8.45833
16.005	8.45926
16.0111	8.46008
16.0173	8.46091
16.0235	8.46174
16.0295	8.46255
16.0354	8.46348
16.0418	8.46435
16.0478	8.46517
16.0541	8.46605
16.0604	8.46692
16.0666	8.46792
16.0728	8.4688
16.079	8.46968
16.0849	8.47052
16.0911	8.4714
16.0975	8.47232
16.1035	8.47331
16.1097	8.47421
16.116	8.47511
16.1223	8.47601
16.1287	8.47691
16.135	8.47793
16.1409	8.47879
16.1473	8.4797
16.1537	8.4806
16.16	8.48163
16.1663	8.48254
16.1727	8.48345
16.1787	8.48432
16.1852	8.48523
16.1916	8.48613
16.198	8.48718
16.2044	8.48809
16.2108	8.48899
16.2172	8.4899
16.2235	8.49093
16.2299	8.49182
16.2359	8.49268
16.2422	8.49358
16.2486	8.49447
16.2549	8.49536
16.2612	8.49638
16.2675	8.49726
16.2739	8.49805
16.2802	8.49882
16.2864	8.49968
16.2924	8.50064
16.2986	8.50149
16.3049	8.50234
16.3111	8.5032
16.3172	8.50402
16.3236	8.505
16.3298	8.50583
16.3357	8.50662
16.3419	8.50744
16.3481	8.50824
16.3543	8.50916
16.3604	8.50996
16.3666	8.51076
16.3728	8.51155
16.3786	8.51228
16.3847	8.51317
16.3909	8.51394
16.3971	8.51471
16.4033	8.51547
16.4095	8.51621
16.4157	8.51708
16.4217	8.51781
16.4281	8.51856
16.4339	8.51926
16.4401	8.51997
16.4463	8.52081
16.4526	8.52152
16.4588	8.52222
16.4651	8.52292
16.4713	8.52361
16.477	8.52437
16.4832	8.52504
16.4893	8.52571
16.4954	8.52637
16.5016	8.52703
16.5077	8.5278
16.5139	8.52845
16.5202	8.52911
16.526	8.52973
16.5323	8.53036
16.5386	8.53106
16.5448	8.53167
16.5511	8.53229
16.5573	8.5329
16.5635	8.53351
16.5697	8.53422
16.5756	8.53477
16.5819	8.53534
16.5882	8.53591
16.5945	8.53647
16.6008	8.53711
16.6071	8.53766
16.6133	8.53822
16.6192	8.53876
16.6255	8.5393
16.6318	8.53995
16.6378	8.54047
16.6441	8.54101
16.6504	8.54153
16.6567	8.54204
16.6629	8.54261
16.6688	8.54309
16.6751	8.54358
16.6814	8.54408
16.6876	8.54456
16.6938	8.54509
16.7	8.54556
16.7063	8.54602
16.7126	8.5465
16.7189	8.54693
16.725	8.5473
16.7314	8.54766
16.7379	8.54801
16.7444	8.54835
16.7507	8.54878
16.7567	8.54928
16.7629	8.5497
16.769	8.54999
16.7754	8.5503
16.7818	8.55061
16.788	8.55095
16.7942	8.55135
16.8005	8.55175
16.8067	8.55215
16.8131	8.55254
16.819	8.55301
16.8251	8.55329
16.8317	8.55357
16.8382	8.55384
16.8447	8.55412
16.8512	8.55435
16.8577	8.55461
16.8642	8.55486
16.8707	8.55511
16.8767	8.55533
16.8831	8.55553
16.8896	8.55576
16.896	8.55598
16.9025	8.5562
16.9091	8.55642
16.9156	8.55661
16.9222	8.55682
16.9283	8.55702
16.9351	8.55724
16.9414	8.55745
16.9479	8.55764
16.9545	8.55784
16.9611	8.55804
16.9677	8.55824
16.9742	8.55843
16.9803	8.55856
16.9869	8.55874
16.9934	8.55892
17	8.55908
17.0065	8.55924
17.0131	8.55936
17.0197	8.55952
17.026	8.55967
17.0326	8.55982
17.0389	8.55997
17.0433	8.56022
17.0499	8.56037
17.0542	8.56063
17.0607	8.56078
17.0671	8.56092
17.0708	8.56107
17.0749	8.56128
17.079	8.56148
17.0831	8.56166
17.0896	8.56183
17.0913	8.56198
17.0977	8.56214
17.1042	8.5623
17.1107	8.56246
17.1168	8.56261
17.1237	8.56272
17.1298	8.56286
17.1362	8.56302
17.1427	8.56317
17.1492	8.56332
17.1556	8.5634
17.1616	8.56352
17.1681	8.56366
17.1746	8.56378
17.1811	8.56392
17.1875	8.56399
17.1941	8.56411
17.2006	8.56423
17.207	8.56435
17.2137	8.56448
17.2213	8.56474
17.2281	8.56486
17.2346	8.56496
17.2421	8.56528
17.2498	8.5656
17.2585	8.56608
17.2659	8.56637
17.2729	8.56665
17.2802	8.56692
17.2878	8.56719
17.2956	8.5676
17.3029	8.56783
17.3101	8.56805
17.3172	8.56825
17.3237	8.5683
17.3298	8.5683
17.3365	8.5683
17.3441	8.56845
17.3506	8.56862
17.3575	8.56879
17.3646	8.56901
17.3714	8.56913
17.3781	8.56924
17.3848	8.56934
17.3909	8.56937
17.3977	8.56947
17.4042	8.56953
17.4108	8.56958
17.4173	8.56962
17.4238	8.56964
17.4303	8.56962
17.4368	8.56964
17.4429	8.56964
17.4494	8.56963
17.4559	8.56963
17.4622	8.56956
17.4685	8.56951
17.4749	8.56945
17.4812	8.56937
17.4872	8.5693
17.4935	8.56916
17.4999	8.56911
17.5064	8.56906
17.5127	8.569
17.5192	8.56896
17.5255	8.56885
17.5319	8.5688
17.5383	8.56874
17.5448	8.56868
17.551	8.56863
17.5571	8.56851
17.5635	8.56845
17.57	8.5684
17.5764	8.56833
17.5828	8.56827
17.5892	8.56815
17.5952	8.56809
17.6017	8.56803
17.6081	8.56796
17.6146	8.5679
17.6211	8.5678
17.6276	8.56775
17.634	8.56769
17.6405	8.56763
17.6465	8.56728
17.6525	8.56688
17.6581	8.56652
17.6645	8.56647
17.6704	8.5661
17.6764	8.56574
17.6829	8.56565
17.6887	8.56527
17.6946	8.56489
17.7006	8.56451
17.7067	8.56416
17.7123	8.5634
17.7184	8.56301
17.7244	8.56261
17.7304	8.5622
17.7365	8.5618
17.7421	8.56099
17.7477	8.56059
17.7538	8.56017
17.7598	8.55976
17.7659	8.55935
17.7716	8.55851
17.7777	8.55808
17.7837	8.55765
17.7894	8.55721
17.7954	8.55677
17.8011	8.55588
17.8074	8.55544
17.8132	8.55501
17.8193	8.55456
17.8254	8.55414
17.8306	8.55324
17.8367	8.5528
17.8428	8.55238
17.8489	8.55197
17.855	8.55156
17.8607	8.55069
17.8668	8.55028
17.8729	8.54987
17.879	8.54984
17.8851	8.54943
17.8907	8.54857
17.8968	8.54816
17.9029	8.54773
17.9091	8.54729
17.9152	8.54686
17.9209	8.54594
17.9269	8.54551
17.9327	8.54507
17.9388	8.54463
17.9449	8.54419
17.9512	8.54366
17.9573	8.54319
17.9635	8.54274
17.9696	8.54228
17.9754	8.54184
17.9813	8.54098
17.9875	8.5406
17.9937	8.54023
17.9999	8.53987
18.0061	8.53952
18.0119	8.53874
18.0178	8.53835
18.0237	8.53796
18.0298	8.53757
18.0363	8.53719
18.0421	8.5367
18.0482	8.53628
18.0546	8.53624
18.0611	8.5362
18.0668	8.53576
18.073	8.53523
18.0791	8.53479
18.0856	8.53475
18.0921	8.5347
18.0982	8.53424
18.1039	8.53329
18.1104	8.53325
18.1167	8.53321
18.1231	8.53316
18.1296	8.5331
18.1354	8.5325
18.1419	8.53242
18.1483	8.5323
18.1547	8.53216
18.1611	8.53202
18.1672	8.53174
18.1734	8.53162
18.1797	8.53148
18.1861	8.53135
18.1925	8.53124
18.1989	8.53103
18.2052	8.53089
18.2115	8.53075
18.2175	8.53061
18.2242	8.53047
18.2301	8.53026
18.2364	8.53012
18.2428	8.52997
18.2492	8.52983
18.2556	8.52968
18.2618	8.52948
18.2679	8.52935
18.2743	8.52921
18.2807	8.52908
18.287	8.52894
18.2933	8.52879
18.2997	8.52865
18.306	8.52851
18.3124	8.52836
18.3185	8.52822
18.3248	8.52805
18.3308	8.52788
18.3371	8.52771
18.3434	8.52754
18.3498	8.52736
18.3561	8.52721
18.3622	8.52702
18.3684	8.52683
18.3747	8.52664
18.3811	8.52645
18.3874	8.52624
18.3937	8.52603
18.4	8.52582
18.4062	8.52561
18.4123	8.52541
18.4183	8.52521
18.4246	8.52499
18.4308	8.52477
18.4371	8.52455
18.4434	8.52432
18.4496	8.52412
18.4559	8.52389
18.462	8.52367
18.4681	8.52345
18.4744	8.52322
18.4806	8.52302
18.4869	8.52278
18.4931	8.52253
18.4993	8.52229
18.5055	8.52203
18.5117	8.52181
18.5175	8.52156
18.5241	8.52127
18.5299	8.52101
18.5361	8.52077
18.5424	8.52059
18.5487	8.52033
18.5547	8.52008
18.561	8.51983
18.567	8.51958
18.5732	8.51938
18.5794	8.5191
18.5856	8.5188
18.5918	8.51851
18.598	8.51821
18.6042	8.51794
18.6103	8.51761
18.616	8.51729
18.6221	8.51694
18.6282	8.51659
18.6343	8.51622
18.6404	8.51588
18.6466	8.5155
18.6527	8.51512
18.6585	8.51476
18.6646	8.51436
18.6707	8.51401
18.6769	8.51361
18.683	8.5132
18.6892	8.51277
18.6954	8.51234
18.7015	8.51193
18.7077	8.51148
18.7138	8.51102
18.7199	8.51056
18.7257	8.51012
18.7318	8.50968
18.7379	8.50921
18.7441	8.50873
18.7502	8.50825
18.756	8.50779
18.7624	8.5073
18.7684	8.5068
18.7746	8.50628
18.7808	8.50576
18.787	8.50523
18.7931	8.50475
18.7993	8.50422
18.8054	8.50369
18.8115	8.50316
18.8173	8.50263
18.8234	8.50211
18.8296	8.50153
18.8357	8.50095
18.8419	8.50036
18.8481	8.49976
18.8543	8.49928
18.8601	8.49873
18.8663	8.49815
18.8725	8.49756
18.8787	8.49697
18.885	8.49644
18.8912	8.49583
18.8972	8.49525
18.9037	8.49469
18.9095	8.49415
18.9157	8.49372
18.9222	8.49314
18.9283	8.49259
18.9346	8.49202
18.9408	8.49145
18.9471	8.49101
18.9534	8.49037
18.9593	8.48978
18.9656	8.48911
18.9719	8.48844
18.9782	8.48785
18.9846	8.48719
18.9909	8.48653
18.9974	8.48585
19.0036	8.48521
19.0099	8.48461
19.0158	8.48399
19.0221	8.48332
19.0284	8.48264
19.0347	8.48196
19.0411	8.48132
19.0475	8.48062
19.0539	8.47992
19.0603	8.47922
19.0664	8.47856
19.0727	8.47793
19.0791	8.47724
19.0855	8.47655
19.0919	8.47586
19.0983	8.47517
19.1046	8.47458
19.1107	8.47393
19.117	8.47331
19.1237	8.47266
19.1296	8.4721
19.1358	8.47163
19.1422	8.47102
19.1485	8.47041
19.1548	8.4698
19.1611	8.46919
19.167	8.46868
19.1733	8.46802
19.1795	8.46737
19.1858	8.46672
19.192	8.46608
19.1982	8.4655
19.2045	8.46485
19.2107	8.46419
19.2169	8.46354
19.223	8.46293
19.2291	8.46237
19.2354	8.46173
19.2417	8.46109
19.248	8.46045
19.2541	8.45989
19.2604	8.4594
19.2665	8.45884
19.2729	8.45824
19.2792	8.45767
19.2856	8.45709
19.2919	8.45659
19.2982	8.45595
19.3041	8.45536
19.3105	8.45472
19.3168	8.4541
19.323	8.45352
19.3294	8.45289
19.3357	8.45226
19.342	8.45163
19.3484	8.451
19.3543	8.45042
19.3607	8.44978
19.367	8.44914
19.3734	8.4485
19.3798	8.44786
19.3861	8.44724
19.3924	8.44661
19.399	8.44596
19.4049	8.44538
19.4114	8.44473
19.4175	8.44416
19.4236	8.44356
19.43	8.44294
19.4363	8.44231
19.4427	8.44168
19.449	8.44107
19.4552	8.44046
19.4623	8.43978
19.4687	8.43916
19.4751	8.43858
19.4814	8.43795
19.4878	8.43732
19.4941	8.43669
19.5005	8.43606
19.5068	8.43543
19.5122	8.43494
19.5195	8.4342
19.5246	8.4337
19.5317	8.43299
19.5381	8.43239
19.5444	8.43177
19.5508	8.43115
19.5568	8.43056
19.5633	8.42993
19.5697	8.42934
19.5763	8.4287
19.5827	8.42808
19.5892	8.42747
19.5955	8.42686
19.6019	8.42628
19.6083	8.42566
19.6139	8.42512
19.621	8.42442
19.6262	8.42393
19.6334	8.42327
19.6398	8.42265
19.6462	8.42202
19.6524	8.42141
19.6586	8.42081
19.6651	8.42023
19.6715	8.4196
19.6777	8.419
19.6841	8.41837
19.6905	8.41774
19.6969	8.41714
19.7033	8.41651
19.7097	8.41588
19.7161	8.41525
19.7222	8.41466
19.7288	8.41401
19.7342	8.41352
19.7413	8.41281
19.7477	8.41218
19.7541	8.41155
19.7601	8.41107
19.7665	8.41047
19.7729	8.40987
19.7793	8.40927
19.7856	8.40867
19.792	8.40815
19.7983	8.40754
19.8045	8.40694
19.811	8.40631
19.8174	8.40568
19.8234	8.40513
19.8297	8.40449
19.8362	8.40385
19.8426	8.4032
19.849	8.40255
19.8554	8.40187
19.862	8.40115
19.8683	8.40053
19.8747	8.39988
19.8811	8.39923
19.8875	8.39862
19.8939	8.39795
19.9003	8.39727
19.9067	8.3966
19.9129	8.39594
19.9192	8.39527
19.9254	8.39464
19.9318	8.39398
19.9382	8.39333
19.9446	8.39268
19.951	8.39211
19.9571	8.39153
19.9635	8.39091
19.9699	8.39028
19.9763	8.38964
19.9827	8.38904
19.9891	8.38841
19.9955	8.38778
20.0018	8.38713
20.0082	8.38649
20.0147	8.3859
20.0209	8.38528
20.0271	8.38466
20.0334	8.38402
20.0398	8.38337
20.0463	8.38277
20.0527	8.38213
20.0587	8.38152
20.0651	8.38087
20.0715	8.38023
20.0779	8.37963
20.0843	8.37898
20.0907	8.37832
20.0971	8.37771
20.1036	8.3771
20.11	8.37654
20.1163	8.37594
20.1227	8.37533
20.1292	8.37472
20.1346	8.37421
20.1419	8.37356
20.1483	8.37294
20.1548	8.37231
20.1608	8.37172
20.1673	8.37109
20.1737	8.37053
20.1802	8.3699
20.1866	8.36928
20.193	8.36866
20.1994	8.36806
20.2056	8.36754
20.212	8.36694
20.2184	8.36634
20.2246	8.36576
20.231	8.36515
20.2375	8.36458
20.244	8.36397
20.2504	8.36336
20.2569	8.36274
20.2629	8.36218
20.2689	8.36061
20.2754	8.35999
20.2819	8.35939
20.2883	8.35879
20.2947	8.35818
20.3012	8.35765
20.3076	8.35705
20.3138	8.35646
20.3204	8.35584
20.3266	8.35525
20.3328	8.35472
20.3393	8.35412
20.3457	8.35352
20.3521	8.35291
20.3586	8.3523
20.3647	8.3518
20.372	8.35112
20.3775	8.35061
20.3839	8.35
20.3903	8.34939
20.3967	8.34878
20.4031	8.34819
20.4095	8.34758
20.416	8.34697
20.4224	8.34636
20.4286	8.34577
20.4353	8.34518
20.4405	8.34469
20.4477	8.344
20.4541	8.3434
20.4606	8.34279
20.4668	8.34223
20.4731	8.34164
20.4796	8.34103
20.486	8.34042
20.4924	8.33982
20.4989	8.33925
20.5053	8.33864
20.5118	8.33804
20.518	8.33745
20.5247	8.33684
20.5307	8.3363
20.5372	8.33569
20.5436	8.33509
20.5501	8.33447
20.5566	8.33387
20.5629	8.33331
20.5691	8.33273
20.5756	8.33213
20.582	8.33153
20.5885	8.33094
20.5949	8.33037
20.6013	8.32979
20.6077	8.3292
20.6142	8.32862
20.6204	8.32805
20.6269	8.3275
20.6334	8.32691
20.6396	8.32635
20.6461	8.32576
20.6526	8.32518
20.659	8.32465
20.6653	8.32409
20.6718	8.3235
20.678	8.32295
20.6845	8.32236
20.6909	8.32183
20.6974	8.32126
20.7037	8.32069
20.7101	8.32011
20.7165	8.31956
20.7229	8.31903
20.7291	8.31848
20.7355	8.31792
20.7418	8.31737
20.7483	8.31679
20.7547	8.31624
20.7612	8.31567
20.7675	8.31511
20.7741	8.31453
20.7801	8.31401
20.7865	8.31347
20.7929	8.3129
20.7994	8.31233
20.8058	8.31175
20.8123	8.31118
20.8187	8.31064
20.825	8.31008
20.8314	8.30951
20.8379	8.30893
20.8441	8.30838
20.8506	8.30781
20.857	8.30724
20.8635	8.30666
20.8699	8.3061
20.8759	8.30557
20.8823	8.30502
20.8887	8.30447
20.8951	8.30392
20.9016	8.30337
20.908	8.30283
20.9144	8.30232
20.9208	8.30177
20.9273	8.30121
20.9337	8.30066
20.9399	8.30013
20.9461	8.29965
20.9526	8.2991
20.959	8.29856
20.9654	8.29802
20.9717	8.2975
20.9779	8.29701
20.9844	8.29646
20.9908	8.29592
20.9972	8.29538
21.0036	8.29486
21.01	8.29436
21.0164	8.29383
21.0226	8.2933
21.0292	8.29275
21.0353	8.29226
21.0418	8.29174
21.0481	8.29123
21.0545	8.2907
21.0609	8.29017
21.0673	8.28964
21.0733	8.28918
21.0797	8.28865
21.0861	8.28812
21.0925	8.28759
21.0989	8.28707
21.1052	8.28658
21.1116	8.28606
21.1179	8.28554
21.1242	8.28503
21.1306	8.2845
21.1372	8.28398
21.1437	8.28344
21.1499	8.28292
21.1561	8.28242
21.1625	8.2819
21.1688	8.2814
21.1751	8.28088
21.1811	8.28039
21.1874	8.27987
21.1938	8.27936
21.2001	8.27885
21.2065	8.27834
21.2129	8.27782
21.2192	8.2773
21.2256	8.27679
21.2319	8.27628
21.2381	8.27578
21.2444	8.27526
21.2506	8.27476
21.257	8.27426
21.2633	8.27376
21.2697	8.27325
21.2756	8.27278
21.282	8.27227
21.2886	8.27175
21.2946	8.27127
21.301	8.27075
21.3074	8.27025
21.3137	8.26974
21.3201	8.26924
21.3263	8.26875
21.3325	8.26825
21.3388	8.26775
21.3452	8.26724
21.3513	8.26675
21.3575	8.26626
21.3639	8.26575
21.3702	8.26525
21.3763	8.26476
21.3826	8.26425
21.3886	8.26378
21.3949	8.26329
21.4011	8.2628
21.4074	8.26239
21.4137	8.26198
21.4201	8.26164
21.4264	8.26124
21.4325	8.26077
21.439	8.26029
21.4451	8.25983
21.4512	8.25946
21.4577	8.25905
21.4641	8.25872
21.4706	8.25832
21.4766	8.25794
21.4834	8.2576
21.4898	8.2572
21.4958	8.25684
21.5023	8.25644
21.5087	8.25605
21.5151	8.25575
21.5216	8.25536
21.5279	8.25498
21.5346	8.25458
21.541	8.25421
21.5475	8.25391
21.5538	8.25356
21.5602	8.25318
21.5667	8.25281
21.5731	8.25244
21.5792	8.25217
21.5856	8.25181
21.5921	8.25144
21.5986	8.25108
21.605	8.25071
21.6115	8.25045
21.6179	8.25009
21.6244	8.24973
21.6309	8.24938
21.6374	8.24903
21.6435	8.24879
21.65	8.24843
21.6565	8.24808
21.663	8.24774
21.6694	8.2474
21.6757	8.24715
21.6819	8.24683
21.6888	8.24647
21.6949	8.24617
21.7014	8.24583
21.7078	8.24557
21.7143	8.24525
21.7208	8.24493
21.7271	8.24462
21.7336	8.2443
21.7402	8.24404
21.7463	8.24375
21.7527	8.24344
21.7592	8.24313
21.7656	8.24282
21.7718	8.2426
21.7781	8.24233
21.7845	8.24203
21.7909	8.24174
21.7974	8.24144
21.8038	8.24124
21.8102	8.24096
21.8167	8.24067
21.8231	8.24039
21.8296	8.24011
21.836	8.23992
21.8423	8.23965
21.8487	8.23938
21.855	8.23912
21.8615	8.23885
21.8677	8.23865
21.8742	8.23839
21.8806	8.23813
21.8868	8.2379
21.8932	8.23764
21.8996	8.23747
21.906	8.23722
21.9124	8.23698
21.9188	8.23674
21.9253	8.2365
21.9317	8.23634
21.9381	8.23611
21.9448	8.23587
21.951	8.23562
21.9572	8.23537
21.9636	8.23516
21.97	8.2349
21.9762	8.23467
21.9824	8.23444
21.9888	8.23421
21.9952	8.23402
22.0016	8.23378
22.008	8.23355
22.0144	8.23333
22.0206	8.23311
22.027	8.23295
22.0336	8.23274
22.0398	8.23253
22.046	8.23233
22.0526	8.23211
22.0589	8.23196
22.0653	8.23176
22.0717	8.23156
22.0779	8.23137
22.0843	8.23118
22.0901	8.23132
22.096	8.23129
22.1022	8.23123
22.1083	8.2311
22.1145	8.23097
22.1203	8.23094
22.1265	8.23081
22.1326	8.23068
22.1388	8.23056
22.145	8.23044
22.1507	8.23043
22.1569	8.23031
22.1629	8.2302
22.1691	8.23008
22.1754	8.22997
22.1814	8.22995
22.1874	8.22985
22.1939	8.22974
22.2002	8.22964
22.2064	8.22955
22.2125	8.22956
22.2185	8.22948
22.225	8.22939
22.2313	8.22931
22.2374	8.22923
22.2433	8.22925
22.2496	8.22916
22.2559	8.22907
22.2619	8.22899
22.2682	8.22891
22.2742	8.22893
22.2804	8.22886
22.2864	8.22879
22.2926	8.22871
22.2989	8.22864
22.3049	8.22867
22.3112	8.22859
22.3172	8.22852
22.3235	8.22846
22.3297	8.22839
22.3358	8.22842
22.342	8.22834
22.3482	8.22826
22.3542	8.22819
22.3603	8.22812
22.3663	8.22813
22.3726	8.22805
22.3788	8.22797
22.385	8.2279
22.3912	8.22784
22.397	8.22787
22.4033	8.22778
22.4095	8.2277
22.4155	8.22762
22.4218	8.22754
22.4278	8.22756
22.434	8.22747
22.4402	8.22739
22.4459	8.22732
22.4521	8.22723
22.4581	8.22724
22.4643	8.22715
22.4705	8.22706
22.4766	8.22697
22.4828	8.22687
22.4892	8.22628
22.4964	8.22503
22.5034	8.2238
22.51	8.22318
22.5166	8.22255
22.5227	8.22255
22.5289	8.22243
22.535	8.22231
22.5412	8.22219
22.5473	8.22207
22.5529	8.22207
22.559	8.22193
22.5651	8.22179
22.5712	8.22166
22.5772	8.22153
22.5832	8.2215
22.5891	8.22137
22.5951	8.22121
22.601	8.22106
22.6071	8.22091
22.6132	8.22085
22.6191	8.22069
22.6251	8.22053
22.6312	8.22036
22.6373	8.22019
22.6432	8.2201
22.6493	8.21991
22.6549	8.21974
22.661	8.21955
22.667	8.21935
22.6731	8.21913
22.6789	8.21901
22.685	8.2188
22.6909	8.21859
22.6969	8.21837
22.7031	8.21821
22.7091	8.21798
22.7155	8.21774
22.7215	8.2175
22.7277	8.21726
22.7339	8.217
22.74	8.21681
22.7458	8.21658
22.7521	8.21631
22.7584	8.21605
22.7647	8.21579
22.7708	8.21559
22.7769	8.21534
22.7832	8.21508
22.7912	8.21378
22.7996	8.21212
22.8092	8.20997
22.8171	8.20876
22.825	8.20759
22.8329	8.20645
22.8408	8.20531
22.85	8.20354
22.8574	8.20253
22.8652	8.20153
22.8729	8.20054
22.8807	8.19957
22.8897	8.19816
22.8973	8.19725
22.9047	8.19636
22.9123	8.19548
22.9198	8.19461
22.9285	8.19349
22.9358	8.19267
22.9433	8.19195
22.9507	8.19123
22.9581	8.19052
22.9667	8.18959
22.974	8.18893
22.9809	8.18833
22.9882	8.18777
22.9954	8.1872
23.0037	8.1865
23.011	8.186
23.018	8.1855
23.0253	8.18504
23.0322	8.1846
23.0404	8.18415
23.0472	8.18378
23.0542	8.1834
23.0613	8.18306
23.0683	8.18274
23.0762	8.18252
23.0831	8.18228
23.09	8.18199
23.0968	8.18177
23.1033	8.18161
23.1109	8.18145
23.1176	8.18118
23.1242	8.18098
23.1307	8.18073
23.1374	8.18058
23.1444	8.18048
23.1508	8.18041
23.1574	8.1803
23.1628	8.18032
23.1683	8.1804
23.1733	8.18072
23.1788	8.18083
23.1843	8.18099
23.1897	8.18115
23.1948	8.18132
23.1998	8.18164
23.2054	8.1818
23.2105	8.18199
23.2158	8.18222
23.2212	8.18248
23.2268	8.18285
23.2326	8.18312
23.238	8.18337
23.2437	8.18365
23.2494	8.18399
23.2551	8.18444
23.2608	8.18478
23.2665	8.18515
23.2721	8.18549
23.2778	8.1859
23.2832	8.18642
23.289	8.18684
23.2945	8.18728
23.2999	8.18774
23.3054	8.18818
23.3109	8.18876
23.3166	8.18927
23.3221	8.1898
23.3275	8.19032
23.3328	8.19086
23.3381	8.1913
23.3436	8.19188
23.3489	8.19232
23.3546	8.19291
23.3597	8.19336
23.365	8.19418
23.3703	8.19491
23.3758	8.19568
23.3812	8.19646
23.3867	8.19728
23.3921	8.19822
23.3975	8.19905
23.4029	8.19992
23.4082	8.20078
23.4137	8.20171
23.4187	8.20268
23.424	8.20362
23.4294	8.20458
23.4348	8.20557
23.4401	8.20656
23.4454	8.20771
23.4504	8.2087
23.4558	8.20977
23.4611	8.21085
23.4664	8.21194
23.4716	8.21318
23.4769	8.21433
23.482	8.21522
23.4868	8.2161
23.4919	8.21695
23.4966	8.21786
23.5014	8.21891
23.5064	8.22003
23.5114	8.22115
23.5164	8.22232
23.5212	8.22346
23.5262	8.22465
23.531	8.22582
23.5357	8.227
23.5409	8.22831
23.5454	8.22949
23.5503	8.23076
23.5552	8.23202
23.56	8.23332
23.5648	8.23468
23.5692	8.23593
23.5742	8.23737
23.5788	8.2387
23.5835	8.24011
23.5882	8.24155
23.5927	8.24295
23.5974	8.24438
23.6019	8.24582
23.6064	8.24728
23.611	8.24881
23.6151	8.25022
23.6192	8.25164
23.6235	8.25313
23.6277	8.2546
23.6317	8.25606
23.6355	8.25748
23.6393	8.2589
23.6433	8.26041
23.6469	8.26179
23.6506	8.26325
23.6541	8.26467
23.6578	8.26613
23.6613	8.26756
23.6647	8.26896
23.6681	8.27041
23.6711	8.27172
23.6744	8.27316
23.6777	8.27459
23.6805	8.27585
23.6842	8.27748
23.6872	8.27888
23.6903	8.28033
23.6935	8.28182
23.6965	8.28326
23.6996	8.28477
23.7026	8.28621
23.7057	8.28775
23.7088	8.28929
23.7118	8.29085
23.7148	8.2924
23.7177	8.29392
23.7205	8.29543
23.7235	8.297
23.7265	8.2986
23.7294	8.30025
23.7321	8.3018
23.735	8.30344
23.7377	8.30501
23.7407	8.30677
23.7436	8.30846
23.746	8.31
23.7488	8.31165
23.7518	8.3135
23.7547	8.31536
23.7576	8.31724
23.7604	8.31917
23.7633	8.3211
23.766	8.32287
23.7688	8.32479
23.7716	8.32673
23.7743	8.32874
23.777	8.33069
23.7797	8.33262
23.7824	8.33461
23.7852	8.33661
23.7878	8.33869
23.7903	8.34062
23.793	8.34264
23.7956	8.34467
23.7981	8.34668
23.8006	8.34877
23.8031	8.3508
23.8056	8.35282
23.808	8.35487
23.8105	8.35696
23.8128	8.359
23.8152	8.36109
23.8176	8.36316
23.8199	8.36524
23.8222	8.36734
23.8245	8.36944
23.8267	8.37144
23.8289	8.37357
23.8312	8.37568
23.8334	8.37785
23.8356	8.38007
23.8378	8.38226
23.84	8.38444
23.8421	8.38666
23.8442	8.3888
23.8463	8.39108
23.8484	8.39335
23.8505	8.39561
23.8526	8.39792
23.8547	8.40025
23.8568	8.40264
23.8589	8.405
23.861	8.40737
23.8629	8.40966
23.865	8.41209
23.867	8.41459
23.869	8.41703
23.871	8.41947
23.873	8.42193
23.8749	8.4243
23.8769	8.42697
23.8788	8.42938
23.8805	8.43174
23.8822	8.43415
23.8839	8.43653
23.8853	8.43882
23.887	8.44126
23.8886	8.4436
23.8904	8.44623
23.8919	8.44861
23.8933	8.45105
23.895	8.45364
23.8967	8.45628
23.8983	8.4589
23.9	8.4616
23.9013	8.46418
23.9029	8.46678
23.9045	8.46953
23.9061	8.47232
23.9078	8.47515
23.9091	8.47783
23.9107	8.4807
23.9123	8.48359
23.9139	8.4865
23.9154	8.48931
23.9167	8.49218
23.9183	8.49516
23.9199	8.49819
23.9215	8.50124
23.923	8.50426
23.9243	8.50726
23.9258	8.5104
23.9273	8.51341
23.9289	8.51659
23.9304	8.51981
23.9317	8.52294
23.9333	8.52633
23.9349	8.52983
23.9366	8.53344
23.9383	8.53717
23.9397	8.54075
23.9415	8.54476
23.9434	8.54891
23.9453	8.55333
23.9471	8.55751
23.9487	8.56176
23.9506	8.56626
23.9525	8.5708
23.9544	8.57524
23.9562	8.57987
23.9578	8.58444
23.9596	8.58895
23.9614	8.59364
23.9633	8.59835
23.9651	8.60312
23.9667	8.60788
23.9685	8.61262
23.9704	8.61762
23.9722	8.62265
23.9741	8.62773
23.9756	8.63268
23.9775	8.638
23.9793	8.64305
23.9811	8.64808
23.9829	8.65332
23.9846	8.65857
23.9864	8.66394
23.9882	8.66917
23.9901	8.6746
23.9919	8.68003
23.9935	8.68546
23.9953	8.69077
23.9973	8.6965
23.9991	8.70192
24.001	8.70756
24.0026	8.71306
24.0045	8.7188
24.0065	8.72469
24.0086	8.73063
24.0106	8.73646
24.0127	8.74254
24.0148	8.74864
24.0169	8.75473
24.019	8.76066
24.0211	8.76673
24.0231	8.77281
24.0252	8.77881
24.0272	8.78464
24.0293	8.79059
24.0314	8.79652
24.0332	8.80238
24.0358	8.80857
24.0383	8.8145
24.0408	8.82062
24.0434	8.82687
24.0462	8.83289
24.0487	8.83892
24.0512	8.84488
24.0536	8.85064
24.056	8.85655
24.0589	8.86294
24.0613	8.86861
24.0637	8.87442
24.0656	8.87986
24.0674	8.88517
24.0702	8.89113
24.0726	8.89679
24.0748	8.90209
24.0773	8.90775
24.0791	8.91312
24.0808	8.91832
24.0827	8.92365
24.0847	8.92907
24.0866	8.93443
24.0886	8.93985
24.0904	8.94517
24.0924	8.9504
24.0944	8.95584
24.0964	8.96126
24.0985	8.96668
24.1004	8.97192
24.1024	8.97711
24.1045	8.98253
24.1066	8.98773
24.1087	8.99317
24.1107	8.99863
24.113	9.00409
24.1152	9.00953
24.1173	9.01487
24.1196	9.02032
24.1215	9.02554
24.1238	9.03097
24.126	9.0364
24.1283	9.04184
24.1306	9.04728
24.1329	9.05272
24.135	9.05795
24.1373	9.06335
24.1396	9.06875
24.1419	9.07417
24.144	9.07938
24.1464	9.08484
24.1488	9.09028
24.1511	9.09561
24.1536	9.10108
24.156	9.10656
24.1583	9.112
24.1607	9.1173
24.1631	9.12275
24.1656	9.12821
24.1681	9.13379
24.1705	9.13926
24.173	9.14475
24.1755	9.15024
24.178	9.15571
24.1806	9.16119
24.183	9.16675
24.1855	9.17208
24.1881	9.1776
24.1906	9.18296
24.1932	9.18847
24.1957	9.19408
24.1984	9.19959
24.2009	9.20491
24.2036	9.21042
24.2062	9.21593
24.2088	9.2215
24.2113	9.22683
24.214	9.23229
24.2167	9.23775
24.2194	9.2431
24.2219	9.24849
24.2246	9.25378
24.2272	9.25903
24.2299	9.26429
24.2326	9.26955
24.2351	9.27497
24.2379	9.28043
24.2407	9.2859
24.2434	9.29115
24.2462	9.29662
24.2489	9.30193
24.2518	9.3081
24.2545	9.31306
24.2573	9.31811
24.2601	9.32342
24.2627	9.32825
24.2653	9.33311
24.2681	9.33817
24.2709	9.34321
24.2737	9.34804
24.2764	9.35291
24.2791	9.35774
24.2819	9.36263
24.2846	9.36768
24.2874	9.37254
24.29	9.37712
24.2929	9.38202
24.2956	9.38675
24.2983	9.39133
24.3011	9.3963
24.3037	9.40091
24.3065	9.40577
24.309	9.41042
24.3118	9.41489
24.3145	9.41928
24.3173	9.42362
24.3201	9.4281
24.3231	9.43311
24.3261	9.43789
24.3291	9.44262
24.3323	9.44774
24.3354	9.45256
24.3384	9.45718
24.3413	9.46173
24.344	9.46592
24.3465	9.46967
24.349	9.4736
24.3514	9.47733
24.3537	9.48079
24.3557	9.48396
24.3576	9.48674
24.3594	9.48975
24.3613	9.49279
24.3631	9.49563
24.3648	9.4984
24.3664	9.50074
24.368	9.50339
24.3696	9.50602
24.371	9.50847
24.3726	9.5111
24.3738	9.51288
24.375	9.51506
24.3762	9.51711
24.3772	9.51907
24.3783	9.52102
24.3792	9.52247
24.38	9.52439
24.3808	9.52635
24.3816	9.5282
24.3823	9.5301
24.3829	9.53192
24.3836	9.53382
24.3842	9.53567
24.3849	9.5375
24.3855	9.53939
24.3859	9.54116
24.3865	9.54316
24.3872	9.54525
24.3878	9.54742
24.3884	9.54971
24.389	9.55204
24.3896	9.55444
24.3901	9.55673
24.3907	9.55919
24.3913	9.56167
24.3918	9.56417
24.3923	9.5667
24.3928	9.56923
24.3933	9.57178
24.3938	9.57437
24.3942	9.57694
24.3947	9.5799
24.3952	9.58277
24.3957	9.58611
24.3963	9.58979
24.3969	9.59368
24.3975	9.59775
24.3981	9.60214
24.3987	9.60672
24.3994	9.61156
24.3999	9.61638
24.4006	9.62137
24.4012	9.62666
24.4019	9.63213
24.4026	9.63791
24.4031	9.64358
24.4038	9.64958
24.4045	9.65548
24.4052	9.66168
24.4059	9.66795
24.4065	9.67427
24.4072	9.68038
24.408	9.68677
24.4087	9.69321
24.4094	9.6997
24.41	9.70583
24.4107	9.71212
24.4114	9.71838
24.4121	9.72448
24.4128	9.73079
24.4134	9.73715
24.4141	9.74352
24.4149	9.74991
24.4156	9.7561
24.4163	9.76249
24.417	9.76892
24.4177	9.77532
24.4184	9.78153
24.4191	9.78793
24.4199	9.79435
24.4205	9.80078
24.4212	9.80702
24.422	9.81345
24.4227	9.81986
24.4235	9.82613
24.4242	9.83258
24.4249	9.8389
24.4257	9.84525
24.4264	9.85155
24.4272	9.8579
24.4278	9.864
24.4286	9.87035
24.4293	9.8765
24.4301	9.88288
24.4308	9.88927
24.4315	9.89565
24.4323	9.90183
24.4331	9.90849
24.4338	9.91476
24.4346	9.92114
24.4353	9.9276
24.4361	9.93398
24.4369	9.94029
24.4376	9.94662
24.4384	9.95296
24.4391	9.95929
24.4399	9.96544
24.4406	9.97186
24.4414	9.97828
24.4422	9.98449
24.4429	9.99087
24.4437	9.99728
24.4445	10.0035
24.4453	10.0099
24.4461	10.0161
24.4469	10.0225
24.4477	10.0289
24.4485	10.0352
24.4493	10.0418
24.4501	10.0482
24.4509	10.0546
24.4517	10.0608
24.4525	10.0673
24.4533	10.0737
24.4541	10.08
24.4549	10.0863
24.4557	10.0928
24.4565	10.0991
24.4574	10.1054
24.4582	10.1118
24.459	10.1183
24.4598	10.1245
24.4606	10.1309
24.4615	10.1372
24.4623	10.1436
24.4631	10.15
24.4639	10.1561
24.4647	10.1625
24.4656	10.1689
24.4664	10.1753
24.4672	10.1818
24.4681	10.1881
24.469	10.1948
24.4698	10.2014
24.4707	10.2077
24.4715	10.2143
24.4722	10.2205
24.473	10.2266
24.4739	10.2328
24.4747	10.2392
24.4754	10.2456
24.4763	10.2521
24.4772	10.2583
24.4781	10.2647
24.4789	10.2711
24.4798	10.2776
24.4807	10.284
24.4815	10.2901
24.4824	10.2965
24.4833	10.3027
24.4841	10.3091
24.485	10.3154
24.4859	10.3218
24.4868	10.3282
24.4877	10.3343
24.4885	10.3406
24.4894	10.347
24.4903	10.3534
24.4912	10.3595
24.4921	10.3659
24.4929	10.3723
24.4938	10.3788
24.4947	10.385
24.4956	10.3913
24.4965	10.3977
24.4974	10.4038
24.4983	10.4104
24.4992	10.4165
24.5001	10.4226
24.5011	10.4289
24.502	10.4352
24.5029	10.4418
24.5038	10.448
24.5048	10.4544
24.5057	10.4606
24.5066	10.467
24.5076	10.4734
24.5085	10.4798
24.5095	10.4862
24.5104	10.4923
24.5112	10.4985
24.5121	10.5048
24.513	10.5111
24.5139	10.5172
24.5148	10.5234
24.5156	10.5294
24.5165	10.5356
24.5174	10.5418
24.5183	10.5481
24.5192	10.5544
24.52	10.5604
24.521	10.5667
24.5219	10.573
24.5228	10.5793
24.5237	10.5854
24.5246	10.5916
24.5255	10.5979
24.5265	10.604
24.5274	10.6105
24.5283	10.6166
24.5292	10.6227
24.5301	10.6288
24.5311	10.635
24.532	10.6413
24.533	10.6476
24.5338	10.6538
24.5348	10.6599
24.5357	10.6662
24.5367	10.6725
24.5377	10.6789
24.5386	10.6848
24.5396	10.6914
24.5405	10.6975
24.5415	10.7036
24.5424	10.7099
24.5433	10.716
24.5443	10.7223
24.5453	10.7286
24.5463	10.7347
24.5473	10.741
24.5482	10.7472
24.5492	10.7535
24.5501	10.7596
24.5512	10.7659
24.5522	10.7723
24.5531	10.7785
24.5541	10.7848
24.5551	10.7909
24.556	10.797
24.557	10.8032
24.5579	10.8092
24.5589	10.8154
24.56	10.8217
24.5609	10.8278
24.562	10.8341
24.5629	10.8403
24.5639	10.8466
24.5649	10.8527
24.566	10.859
24.567	10.8653
24.568	10.8716
24.569	10.8779
24.57	10.884
24.571	10.8903
24.572	10.8964
24.573	10.9026
24.5741	10.9088
24.5757	10.9164
24.5774	10.9239
24.579	10.9313
24.5813	10.9402
24.5829	10.9476
24.5846	10.9551
24.5863	10.9624
24.588	10.9699
24.5902	10.9785
24.5919	10.9859
24.5937	10.9933
24.5954	11.0007
24.5971	11.008
24.5992	11.0161
24.6009	11.0233
24.6027	11.0306
24.6045	11.038
24.6062	11.0454
24.6084	11.0536
24.6102	11.061
24.612	11.0684
24.6138	11.0756
24.6156	11.083
24.6175	11.0903
24.6197	11.0986
24.6215	11.1059
24.6233	11.1131
24.6251	11.1202
24.6273	11.1284
24.6291	11.1356
24.631	11.1428
24.6328	11.15
24.6346	11.157
24.6365	11.1641
24.6386	11.1722
24.6404	11.1793
24.6422	11.1863
24.6441	11.1934
24.6459	11.2004
24.648	11.2083
24.6499	11.2154
24.6518	11.2225
24.6536	11.2293
24.6555	11.2364
24.6576	11.2443
24.6594	11.2511
24.6612	11.2578
24.663	11.2647
24.6649	11.2715
24.6669	11.2794
24.6688	11.2861
24.6707	11.2931
24.6725	11.3001
24.6744	11.307
24.6764	11.3144
24.6783	11.3212
24.6802	11.3281
24.682	11.3349
24.6839	11.3415
24.6859	11.349
24.6877	11.3558
24.6896	11.3626
24.6914	11.3692
24.6934	11.3761
24.6952	11.3831
24.6971	11.3898
24.6989	11.3965
24.7008	11.4033
24.7027	11.41
24.7046	11.4171
24.7065	11.4238
24.7083	11.4305
24.7102	11.4372
24.7121	11.4439
24.714	11.451
24.7159	11.4575
24.7177	11.4641
24.7195	11.4705
24.7214	11.4771
24.7233	11.484
24.7251	11.4906
24.7269	11.497
24.7288	11.5036
24.7307	11.5102
24.7325	11.5172
24.7344	11.5238
24.7362	11.53
24.7381	11.5364
24.7398	11.5425
24.7417	11.5489
24.7435	11.555
24.7453	11.5613
24.7471	11.5676
24.7489	11.5739
24.7507	11.5801
24.7525	11.5864
24.7543	11.5927
24.756	11.5989
24.7578	11.6052
24.7596	11.6116
24.7614	11.6179
24.7632	11.6242
24.765	11.6305
24.7667	11.6368
24.7685	11.643
24.7702	11.6493
24.772	11.6556
24.7737	11.6617
24.7754	11.6679
24.7772	11.6741
24.7789	11.6802
24.7806	11.6865
24.7824	11.6927
24.7841	11.699
24.7859	11.7051
24.7876	11.7114
24.7893	11.7176
24.791	11.7236
24.7928	11.7297
24.7945	11.7355
24.7962	11.7414
24.7979	11.7472
24.7996	11.7533
24.8013	11.7594
24.8031	11.7653
24.8048	11.7713
24.8064	11.7772
24.8081	11.7833
24.8097	11.7892
24.8114	11.7951
24.8131	11.8014
24.8148	11.8075
24.8165	11.8137
24.8181	11.8199
24.8198	11.8259
24.8214	11.832
24.823	11.8378
24.8247	11.8441
24.8262	11.8501
24.8279	11.856
24.8295	11.8621
24.831	11.8681
24.8327	11.8745
24.8342	11.8803
24.8358	11.8864
24.8374	11.8926
24.839	11.8989
24.8406	11.9051
24.8422	11.9113
24.8438	11.9174
24.8453	11.9236
24.8468	11.9294
24.8483	11.9356
24.8499	11.9418
24.8514	11.9479
24.8529	11.9541
24.8545	11.9603
24.856	11.9665
24.8575	11.9728
24.859	11.9787
24.8605	11.9848
24.862	11.991
24.8635	11.9973
24.865	12.0035
24.8665	12.0097
24.868	12.016
24.8695	12.0223
24.871	12.0286
24.8724	12.0345
24.8739	12.0407
24.8753	12.0469
24.8768	12.0532
24.8783	12.0595
24.8797	12.0659
24.8811	12.0722
24.8825	12.0782
24.8839	12.0845
24.8854	12.0908
24.8868	12.0971
24.8882	12.1034
24.8896	12.1098
24.891	12.1161
24.8924	12.1225
24.8938	12.129
24.8951	12.135
24.8965	12.1414
24.8978	12.1478
24.8992	12.1542
24.9006	12.1605
24.9019	12.1669
24.9032	12.1733
24.9045	12.1793
24.9058	12.1857
24.9071	12.1922
24.9084	12.1988
24.9097	12.2052
24.911	12.2116
24.9123	12.2181
24.9136	12.2245
24.9149	12.2309
24.9161	12.2369
24.9173	12.2433
24.9186	12.2497
24.9198	12.2561
24.921	12.2624
24.9222	12.2687
24.9234	12.2749
24.9246	12.281
24.9258	12.2874
24.927	12.2936
24.9282	12.3
24.9294	12.3063
24.9306	12.3127
24.9318	12.319
24.933	12.3253
24.9341	12.3313
24.9353	12.3376
24.9365	12.344
24.9377	12.3503
24.9389	12.3566
24.94	12.363
24.9412	12.3694
24.9424	12.3758
24.9435	12.3817
24.9446	12.388
24.9458	12.3944
24.947	12.4007
24.9482	12.4071
24.9493	12.4135
24.9504	12.4198
24.9516	12.4262
24.9526	12.4321
24.9538	12.4385
24.9549	12.4449
24.956	12.4512
24.9571	12.4574
24.9583	12.4639
24.9594	12.4703
24.9605	12.4768
24.9616	12.4831
24.9627	12.4892
24.9638	12.4958
24.9649	12.5019
24.966	12.5083
24.9671	12.5147
24.9682	12.5212
24.9693	12.5276
24.9703	12.5336
24.9714	12.54
24.9724	12.5462
24.9735	12.5526
24.9746	12.5592
24.9757	12.5657
24.9768	12.5722
24.9778	12.5786
24.9788	12.5846
24.9799	12.5913
24.981	12.5976
24.982	12.604
24.983	12.6103
24.984	12.6167
24.9851	12.6232
24.9861	12.6296
24.9871	12.6356
24.9881	12.642
24.9891	12.6485
24.9902	12.655
24.9912	12.6614
24.9922	12.6678
24.9932	12.6742
24.9942	12.6807
24.9951	12.6867
24.9961	12.6932
24.9971	12.6997
24.9981	12.7061
24.9991	12.7126
25.0001	12.7191
25.0011	12.7255
25.002	12.732
25.0029	12.738
25.0039	12.7445
25.0048	12.751
25.0058	12.7574
25.0068	12.764
25.0077	12.7704
25.0087	12.7769
25.0096	12.7832
25.0105	12.7896
25.0115	12.7961
25.0123	12.8026
25.0133	12.809
25.0142	12.8155
25.0151	12.822
25.0161	12.8285
25.0169	12.8345
25.0178	12.8411
25.0187	12.8476
25.0196	12.8542
25.0206	12.8607
25.0214	12.8672
25.0223	12.8737
25.0232	12.8802
25.0241	12.8867
25.025	12.8932
25.0258	12.8995
25.0266	12.9059
25.0275	12.9124
25.0284	12.919
25.0292	12.9254
25.03	12.9318
25.0309	12.9383
25.0317	12.9444
25.0325	12.951
25.0334	12.9575
25.0342	12.964
25.035	12.9706
25.0358	12.9772
25.0367	12.9837
25.0375	12.99
25.0382	12.9963
25.039	13.0029
25.0398	13.0094
25.0406	13.0159
25.0414	13.0224
25.0422	13.029
25.043	13.0355
25.0437	13.0416
25.0445	13.0484
25.0453	13.0548
25.046	13.0614
25.0468	13.068
25.0475	13.0746
25.0483	13.0812
25.0491	13.0878
25.0497	13.0939
25.0505	13.1005
25.0512	13.107
25.052	13.1136
25.0527	13.1202
25.0534	13.1267
25.0541	13.1333
25.0548	13.1395
25.0555	13.1461
25.0562	13.1526
25.0569	13.1592
25.0576	13.1658
25.0583	13.1724
25.059	13.179
25.0597	13.1856
25.0603	13.1922
25.061	13.1985
25.0617	13.205
25.0624	13.2116
25.063	13.2182
25.0636	13.2248
25.0643	13.2314
25.065	13.238
25.0656	13.2446
25.0663	13.2509
25.0668	13.2575
25.0675	13.2642
25.0681	13.2708
25.0688	13.2774
25.0694	13.284
25.07	13.2905
25.0706	13.2971
25.0712	13.3037
25.0718	13.3099
25.0724	13.3165
25.0729	13.3231
25.0735	13.3297
25.0741	13.3363
25.0747	13.3429
25.0753	13.3495
25.0757	13.3557
25.0763	13.3623
25.0769	13.369
25.0775	13.3757
25.078	13.3825
25.0785	13.3892
25.0791	13.3958
25.0796	13.4025
25.0801	13.4087
25.0807	13.4153
25.0811	13.4219
25.0816	13.4285
25.0822	13.4351
25.0827	13.4419
25.0832	13.4486
25.0836	13.4551
25.0841	13.4615
25.0846	13.4682
25.0851	13.4749
25.0856	13.4816
25.086	13.4882
25.0865	13.4948
25.087	13.5014
25.0874	13.5077
25.0879	13.5144
25.0883	13.521
25.0887	13.5277
25.0892	13.5344
25.0896	13.541
25.0901	13.5477
25.0905	13.5543
25.0909	13.5609
25.0913	13.5674
25.0917	13.5738
25.0921	13.5804
25.0925	13.587
25.0929	13.5936
25.0933	13.6
25.0937	13.6066
25.0941	13.613
25.0945	13.6196
25.0948	13.6263
25.0952	13.633
25.0955	13.6396
25.0959	13.6463
25.0963	13.653
25.0966	13.6595
25.097	13.6661
25.0973	13.6726
25.0977	13.6792
25.098	13.6859
25.0983	13.6925
25.0986	13.6991
25.099	13.7056
25.0993	13.7122
25.0996	13.7187
25.0999	13.7253
25.1002	13.732
25.1005	13.7386
25.1008	13.7453
25.1012	13.7519
25.1014	13.7585
25.1017	13.7652
25.102	13.7716
25.1023	13.7781
25.1026	13.7848
25.1028	13.7916
25.1031	13.7983
25.1033	13.805
25.1036	13.8116
25.1039	13.8182
25.104	13.8244
25.1043	13.831
25.1046	13.8376
25.1048	13.8443
25.1051	13.851
25.1053	13.8578
25.1055	13.8645
25.1057	13.8712
25.1059	13.8774
25.1062	13.884
25.1063	13.8906
25.1066	13.8972
25.1068	13.9038
25.107	13.9105
25.1072	13.9171
