13.0005	12.9934
13.0005	12.9935
13.0007	12.9935
13.0012	12.9934
13.0016	12.9932
13.0021	12.9929
13.0027	12.9926
13.0035	12.992
13.0046	12.9915
13.0057	12.9906
13.0068	12.9898
13.0083	12.9887
13.0102	12.9871
13.0122	12.9856
13.0145	12.9837
13.017	12.9815
13.0198	12.9791
13.0226	12.9767
13.0261	12.9736
13.0294	12.9707
13.033	12.9673
13.0369	12.9637
13.0409	12.96
13.045	12.9561
13.0493	12.952
13.0536	12.9479
13.0576	12.944
13.0614	12.9403
13.0663	12.9356
13.0706	12.9314
13.0749	12.9271
13.0791	12.923
13.0833	12.9188
13.0876	12.9147
13.0915	12.9108
13.0957	12.9066
13.0999	12.9023
13.1041	12.8981
13.1083	12.8939
13.1125	12.8896
13.1165	12.8855
13.1206	12.8812
13.1245	12.8771
13.1281	12.8734
13.1322	12.8692
13.1368	12.8645
13.1408	12.8602
13.1449	12.856
13.1489	12.8518
13.1529	12.8475
13.1566	12.8435
13.1605	12.8392
13.1644	12.835
13.1683	12.8308
13.1722	12.8266
13.1761	12.8224
13.18	12.8182
13.1839	12.8139
13.1874	12.8098
13.1913	12.8055
13.1951	12.8013
13.1989	12.797
13.2026	12.7928
13.2063	12.7886
13.2099	12.7843
13.2133	12.7803
13.217	12.7762
13.2201	12.7725
13.2237	12.7683
13.2277	12.7635
13.2312	12.7593
13.2348	12.755
13.2383	12.7508
13.2415	12.7467
13.2447	12.7428
13.2487	12.7379
13.2519	12.734
13.2553	12.7298
13.2586	12.7255
13.262	12.7213
13.2653	12.7171
13.2686	12.7129
13.2717	12.7089
13.2749	12.7047
13.2777	12.7011
13.2812	12.6964
13.2843	12.6923
13.2874	12.6881
13.2905	12.684
13.2935	12.6799
13.2963	12.6761
13.299	12.6723
13.3023	12.6677
13.3048	12.6641
13.308	12.6596
13.3107	12.6557
13.3133	12.6518
13.3158	12.6482
13.3182	12.6445
13.3206	12.641
13.3227	12.6378
13.3252	12.634
13.3274	12.6307
13.3295	12.6275
13.3315	12.6243
13.3334	12.6212
13.3352	12.6183
13.3369	12.6156
13.339	12.612
13.3407	12.6093
13.3427	12.6058
13.3446	12.6028
13.3464	12.5997
13.348	12.5969
13.3495	12.5942
13.3512	12.5912
13.3529	12.5882
13.3548	12.5848
13.3565	12.5818
13.358	12.5788
13.3596	12.5759
13.361	12.5731
13.3625	12.5703
13.364	12.5672
13.3655	12.5643
13.3667	12.5618
13.3683	12.5586
13.3696	12.5557
13.371	12.5528
13.3722	12.5502
13.3735	12.5474
13.3746	12.5449
13.3759	12.5417
13.3771	12.5389
13.3783	12.5361
13.3794	12.5333
13.3803	12.5311
13.3814	12.5284
13.3825	12.5255
13.3836	12.5226
13.3846	12.5199
13.3855	12.5175
13.3865	12.5145
13.3874	12.5118
13.3884	12.5091
13.3892	12.5064
13.39	12.504
13.3908	12.5016
13.3916	12.4986
13.3924	12.496
13.3932	12.4934
13.3939	12.4908
13.3946	12.4882
13.3952	12.4857
13.3959	12.4831
13.3965	12.4806
13.397	12.4783
13.3976	12.4758
13.3982	12.4729
13.3987	12.4703
13.3992	12.4677
13.3997	12.4653
13.4001	12.4631
13.4006	12.4606
13.401	12.458
13.4015	12.4551
13.4018	12.4525
13.4022	12.4499
13.4025	12.4473
13.4028	12.4449
13.4031	12.4426
13.4034	12.4399
13.4037	12.4369
13.4039	12.4342
13.4041	12.4316
13.4043	12.4289
13.4045	12.4264
13.4046	12.424
13.4048	12.4213
13.4049	12.4185
13.405	12.4154
13.405	12.4126
13.4051	12.4096
13.4051	12.4067
13.4051	12.4038
13.4051	12.4008
13.4051	12.3979
13.4049	12.3951
13.4048	12.3915
13.4045	12.3882
13.4043	12.3849
13.4041	12.3814
13.4038	12.3781
13.4036	12.3744
13.4031	12.3709
13.4027	12.366
13.4023	12.3614
13.4019	12.3565
13.4015	12.3514
13.401	12.3461
13.4005	12.3407
13.4001	12.3355
13.3996	12.3306
13.399	12.3246
13.3985	12.3196
13.3981	12.3147
13.3977	12.31
13.3973	12.3055
13.3969	12.3014
13.3966	12.2972
13.3962	12.2937
13.3959	12.2899
13.3956	12.2857
13.3954	12.2821
13.3951	12.2785
13.3949	12.2751
13.3948	12.2718
13.3946	12.2688
13.3945	12.266
13.3943	12.2625
13.3943	12.2595
13.3942	12.2568
13.3941	12.2535
13.3941	12.2506
13.3941	12.2479
13.3941	12.2454
13.3942	12.2422
13.3942	12.2394
13.3942	12.2365
13.3941	12.2337
13.3941	12.2309
13.3942	12.2283
13.3942	12.2255
13.3944	12.2231
13.3944	12.2203
13.3945	12.2172
13.3948	12.2145
13.3951	12.2119
13.3953	12.2092
13.3956	12.2064
13.3959	12.2038
13.3963	12.201
13.3967	12.1981
13.3972	12.1952
13.3976	12.1922
13.3981	12.1893
13.3987	12.1862
13.3992	12.1831
13.3998	12.1802
13.4004	12.1775
13.401	12.1744
13.4017	12.1712
13.4024	12.168
13.4033	12.1644
13.4039	12.1615
13.4048	12.1578
13.4057	12.1544
13.4065	12.1512
13.4072	12.1482
13.4083	12.1444
13.4092	12.1409
13.4101	12.1376
13.4112	12.1339
13.4122	12.1304
13.4132	12.127
13.4142	12.1239
13.4153	12.1203
13.4164	12.1166
13.4178	12.1125
13.419	12.1086
13.4204	12.1045
13.4218	12.1004
13.4232	12.0963
13.4247	12.0919
13.4262	12.0878
13.4278	12.0831
13.4298	12.0777
13.4316	12.0728
13.4335	12.0679
13.4354	12.063
13.4372	12.0584
13.4389	12.0541
13.4408	12.0491
13.4428	12.0442
13.4451	12.0386
13.4471	12.0337
13.4492	12.0287
13.4513	12.0237
13.4534	12.019
13.4552	12.0146
13.4577	12.009
13.4599	12.004
13.4622	11.9989
13.4645	11.9938
13.4668	11.9887
13.4691	11.9838
13.4714	11.9787
13.4735	11.9742
13.4763	11.9684
13.4788	11.9632
13.4813	11.958
13.4838	11.9529
13.4863	11.9477
13.4887	11.9427
13.4912	11.9376
13.4934	11.9331
13.496	11.9279
13.499	11.9221
13.5016	11.9169
13.5043	11.9116
13.507	11.9064
13.5097	11.9011
13.5123	11.8962
13.5147	11.8914
13.5178	11.8857
13.5202	11.881
13.523	11.8757
13.5262	11.8697
13.5291	11.8644
13.5319	11.8591
13.5346	11.8541
13.5371	11.8494
13.54	11.8441
13.5433	11.8381
13.5462	11.8327
13.5492	11.8274
13.5521	11.8221
13.5549	11.8171
13.5577	11.812
13.5609	11.8064
13.5639	11.801
13.5665	11.7963
13.57	11.7902
13.5731	11.7848
13.5761	11.7794
13.579	11.7743
13.5819	11.7693
13.5852	11.7636
13.5879	11.7588
13.591	11.7535
13.5945	11.7475
13.5977	11.7421
13.6008	11.7367
13.6038	11.7316
13.6067	11.7265
13.6103	11.7204
13.6133	11.7153
13.6162	11.7106
13.6198	11.7045
13.623	11.699
13.6264	11.6933
13.6295	11.6882
13.6323	11.6834
13.636	11.6772
13.6388	11.6725
13.6425	11.6663
13.6458	11.6609
13.6491	11.6554
13.6524	11.65
13.6555	11.6449
13.6584	11.6399
13.6623	11.6336
13.6655	11.6284
13.6684	11.6235
13.6722	11.6172
13.6757	11.6116
13.6789	11.6063
13.6823	11.6008
13.6853	11.5958
13.689	11.5898
13.6919	11.585
13.6957	11.5789
13.6986	11.5741
13.7024	11.5679
13.7058	11.5624
13.7089	11.5573
13.7125	11.5514
13.7157	11.5463
13.7186	11.5416
13.7219	11.5361
13.7257	11.5301
13.729	11.5246
13.7323	11.5192
13.7354	11.5142
13.7384	11.5093
13.742	11.5034
13.7449	11.4987
13.7487	11.4927
13.752	11.4873
13.7552	11.482
13.7584	11.4768
13.7617	11.4713
13.7648	11.4663
13.7676	11.4617
13.771	11.4561
13.7745	11.4505
13.7774	11.4458
13.7811	11.4399
13.7841	11.4351
13.7871	11.4305
13.7905	11.4251
13.7932	11.4206
13.7967	11.4148
13.7994	11.4103
13.8029	11.4046
13.806	11.3994
13.809	11.3943
13.8119	11.3895
13.8148	11.3848
13.818	11.3794
13.8208	11.3748
13.8239	11.3695
13.8266	11.3649
13.8298	11.3594
13.8326	11.3546
13.8354	11.3497
13.838	11.3453
13.8413	11.3396
13.8438	11.3352
13.847	11.3296
13.8499	11.3245
13.8527	11.3195
13.8555	11.3145
13.8583	11.3095
13.861	11.3048
13.8638	11.2998
13.8666	11.2947
13.8692	11.29
13.8721	11.2846
13.8747	11.2798
13.8773	11.2751
13.8802	11.2698
13.8825	11.2654
13.8856	11.2597
13.8879	11.2554
13.8909	11.2497
13.8932	11.2453
13.8962	11.2396
13.8987	11.2348
13.9012	11.2299
13.9036	11.2252
13.9064	11.2199
13.9086	11.2154
13.9115	11.2097
13.914	11.2047
13.9164	11.1999
13.9188	11.1952
13.9215	11.1898
13.9239	11.1849
13.9262	11.1802
13.9289	11.1746
13.931	11.1702
13.9338	11.1644
13.9363	11.1593
13.9386	11.1545
13.9408	11.1498
13.9433	11.1444
13.9454	11.1399
13.948	11.1344
13.9505	11.1289
13.9525	11.1245
13.955	11.119
13.9572	11.1142
13.9597	11.1086
13.9619	11.1038
13.9644	11.0981
13.9664	11.0936
13.969	11.0876
13.9713	11.0823
13.9738	11.0766
13.9755	11.0724
13.9781	11.0666
13.9802	11.0614
13.9822	11.0567
13.9845	11.0512
13.987	11.0453
13.9893	11.0398
13.9915	11.0346
13.9936	11.0294
13.9961	11.0234
13.9988	11.0183
14.0011	11.0127
14.0034	11.007
14.006	11.0006
14.0082	10.9953
14.0103	10.99
14.0127	10.9839
14.0149	10.9785
14.0174	10.9723
14.0195	10.9672
14.0221	10.9606
14.0242	10.9554
14.0268	10.949
14.029	10.9433
14.0316	10.937
14.0338	10.9315
14.0363	10.9252
14.0384	10.9201
14.0411	10.9135
14.0432	10.9085
14.0457	10.9021
14.048	10.8965
14.0502	10.8912
14.0524	10.886
14.0549	10.8801
14.0568	10.8754
14.0594	10.8692
14.0617	10.8638
14.064	10.8584
14.0662	10.8533
14.0683	10.8484
14.0708	10.8428
14.0728	10.8381
14.0755	10.8322
14.0778	10.8269
14.0801	10.8218
14.0824	10.8168
14.0845	10.8121
14.0871	10.8065
14.0894	10.8015
14.0914	10.7972
14.0941	10.7914
14.0963	10.787
14.0991	10.7813
14.1014	10.7765
14.1037	10.7717
14.1064	10.7662
14.1088	10.7614
14.1116	10.7558
14.1139	10.7513
14.1168	10.7455
14.1192	10.741
14.122	10.7354
14.1246	10.7305
14.1276	10.7249
14.1299	10.7203
14.133	10.7145
14.1354	10.7099
14.1385	10.7039
14.1414	10.6985
14.144	10.6936
14.1467	10.6885
14.1498	10.6828
14.1528	10.6775
14.1554	10.6728
14.1587	10.6671
14.1618	10.6618
14.1649	10.6565
14.168	10.6512
14.1709	10.6464
14.1739	10.641
14.177	10.6356
14.1801	10.6301
14.1832	10.6247
14.1863	10.6193
14.1893	10.6141
14.1923	10.609
14.1954	10.6036
14.1984	10.5985
14.2018	10.5926
14.2052	10.587
14.2085	10.5813
14.2119	10.5757
14.215	10.5705
14.2185	10.5645
14.2216	10.5594
14.2249	10.5539
14.2281	10.5485
14.2314	10.543
14.2347	10.5375
14.238	10.5321
14.2412	10.5267
14.2444	10.5214
14.2475	10.5162
14.2507	10.5108
14.254	10.5054
14.2572	10.5001
14.2603	10.4948
14.2635	10.4894
14.2665	10.4844
14.2699	10.4788
14.273	10.4735
14.276	10.4685
14.2791	10.4632
14.2823	10.458
14.2854	10.4528
14.2885	10.4475
14.2914	10.4426
14.2945	10.4373
14.2975	10.4322
14.3005	10.4271
14.3036	10.4219
14.3066	10.4167
14.3096	10.4115
14.3126	10.4064
14.3154	10.4016
14.3185	10.3962
14.3212	10.3914
14.3242	10.3862
14.327	10.3814
14.3298	10.3765
14.3326	10.3715
14.3354	10.3666
14.3381	10.3619
14.3408	10.357
14.3436	10.3521
14.3464	10.3471
14.3491	10.3421
14.3518	10.3372
14.3545	10.3322
14.3572	10.3274
14.3597	10.3228
14.3623	10.3179
14.365	10.3128
14.3676	10.3079
14.37	10.3033
14.3725	10.2985
14.375	10.2936
14.3774	10.2888
14.3805	10.2824
14.3827	10.2781
14.3856	10.2718
14.388	10.267
14.3903	10.2622
14.3926	10.2574
14.3959	10.2497
14.3982	10.2449
14.4004	10.2402
14.4026	10.2355
14.4051	10.2296
14.4072	10.2249
14.4093	10.2201
14.4114	10.2153
14.4136	10.2105
14.416	10.2044
14.418	10.1999
14.42	10.1952
14.422	10.1904
14.4243	10.1843
14.4263	10.1795
14.4283	10.1747
14.4302	10.1698
14.4322	10.1649
14.434	10.1603
14.4362	10.1542
14.4382	10.1491
14.4399	10.1443
14.4418	10.1394
14.4438	10.1333
14.4456	10.1284
14.4473	10.1235
14.449	10.1188
14.4508	10.1138
14.4525	10.1088
14.4544	10.1027
14.4561	10.0977
14.4577	10.0927
14.4594	10.0877
14.461	10.0826
14.4625	10.0779
14.4641	10.0729
14.4657	10.0678
14.4672	10.0627
14.4688	10.0575
14.4704	10.0523
14.4718	10.0472
14.4734	10.042
14.4747	10.0372
14.4762	10.032
14.4777	10.0269
14.479	10.0217
14.4805	10.0165
14.4819	10.0113
14.4833	10.006
14.4846	10.0008
14.4859	9.99571
14.4872	9.99054
14.4886	9.98488
14.4899	9.97985
14.4912	9.97448
14.4924	9.96912
14.4938	9.96359
14.495	9.95843
14.4962	9.95309
14.4975	9.94754
14.4987	9.94179
14.5	9.93612
14.5013	9.93041
14.5025	9.9247
14.5038	9.91895
14.505	9.91314
14.5061	9.90779
14.5073	9.90195
14.5085	9.89639
14.5097	9.89062
14.5109	9.88469
14.512	9.87879
14.5132	9.87289
14.5143	9.86698
14.5154	9.86138
14.5166	9.85533
14.5177	9.84928
14.5189	9.84317
14.52	9.83698
14.5212	9.83075
14.5223	9.82439
14.5235	9.818
14.5247	9.81163
14.5259	9.80531
14.527	9.79924
14.528	9.79343
14.5291	9.78747
14.5302	9.7816
14.5313	9.77587
14.5323	9.7702
14.5333	9.76504
14.5344	9.75955
14.5355	9.75436
14.5366	9.74931
14.5377	9.74432
14.5388	9.73969
14.5399	9.73488
14.541	9.73025
14.5421	9.72578
14.5432	9.72153
14.5441	9.71794
14.5451	9.71435
14.546	9.71072
14.547	9.70716
14.5479	9.70383
14.5488	9.70092
14.5497	9.69795
14.5506	9.69463
14.5515	9.69165
14.5525	9.68852
14.5535	9.68569
14.5544	9.68261
14.5554	9.67952
14.5564	9.67646
14.5575	9.67338
14.5585	9.67078
14.5595	9.66776
14.5606	9.66476
14.5617	9.66178
14.5628	9.6588
14.5639	9.65618
14.5651	9.6532
14.5662	9.65023
14.5673	9.64748
14.5685	9.6445
14.5697	9.64156
14.571	9.63857
14.5722	9.63543
14.5735	9.63243
14.5748	9.62932
14.5761	9.62627
14.5774	9.62313
14.5787	9.62006
14.5801	9.61681
14.5815	9.61356
14.583	9.61031
14.5845	9.60707
14.5859	9.60388
14.5875	9.60056
14.5891	9.59714
14.5907	9.59365
14.5926	9.58987
14.5945	9.58601
14.5965	9.58191
14.5987	9.57768
14.6008	9.57345
14.6032	9.56887
14.6055	9.56441
14.6078	9.56002
14.6103	9.55537
14.6129	9.55074
14.6154	9.54607
14.618	9.54138
14.6205	9.53693
14.6232	9.53213
14.6259	9.52732
14.6287	9.52243
14.6315	9.51748
14.6344	9.51244
14.6374	9.50739
14.6404	9.50232
14.6433	9.49732
14.6464	9.49202
14.6495	9.48685
14.6524	9.482
14.6555	9.47684
14.6586	9.47161
14.6618	9.46634
14.665	9.46108
14.6681	9.45592
14.6712	9.45082
14.6745	9.44543
14.6778	9.44005
14.6811	9.43463
14.6843	9.42922
14.6876	9.42381
14.6908	9.41854
14.6942	9.41308
14.6976	9.40746
14.7007	9.40233
14.704	9.39694
14.7073	9.39151
14.7106	9.38616
14.7138	9.38079
14.717	9.37565
14.7201	9.37056
14.7233	9.36528
14.7265	9.35997
14.7297	9.35469
14.7329	9.34938
14.7361	9.34415
14.7393	9.33884
14.7424	9.33352
14.7456	9.32819
14.7488	9.32291
14.7517	9.31804
14.7547	9.31283
14.7578	9.30759
14.7609	9.3024
14.7639	9.29721
14.7668	9.29226
14.7698	9.28721
14.7728	9.282
14.7759	9.27681
14.7789	9.27161
14.7819	9.26665
14.785	9.26157
14.7879	9.25662
14.7909	9.25163
14.794	9.24633
14.7969	9.24151
14.7998	9.23653
14.8029	9.23142
14.8059	9.22631
14.8088	9.22124
14.8118	9.2163
14.8146	9.21144
14.8174	9.20661
14.8203	9.20163
14.8232	9.19663
14.8261	9.19172
14.829	9.18667
14.8319	9.18158
14.8348	9.1765
14.8375	9.1716
14.8405	9.16648
14.8432	9.16162
14.8459	9.15676
14.8487	9.15176
14.8515	9.14675
14.8542	9.14202
14.8569	9.13702
14.8596	9.13202
14.8624	9.12704
14.8651	9.12207
14.8677	9.11734
14.8704	9.11234
14.873	9.10733
14.8757	9.10235
14.8782	9.09756
14.8809	9.09253
14.8835	9.0876
14.886	9.08284
14.8885	9.07793
14.891	9.07315
14.8935	9.06833
14.8959	9.06353
14.8984	9.05856
14.9009	9.05356
14.9034	9.04856
14.9059	9.04363
14.9084	9.03864
14.9109	9.03352
14.9134	9.02838
14.9159	9.02316
14.9185	9.01776
14.921	9.01277
14.9235	9.00745
14.926	9.00212
14.9286	8.99671
14.9311	8.99126
14.9336	8.98607
14.9362	8.98055
14.9387	8.97516
14.9413	8.96956
14.9439	8.9639
14.9464	8.95852
14.949	8.95285
14.9516	8.94719
14.9543	8.94137
14.9569	8.93576
14.9594	8.93043
14.962	8.92471
14.9645	8.91937
14.967	8.91408
14.9695	8.9085
14.9719	8.90344
14.9744	8.89814
14.9768	8.893
14.9793	8.88779
14.9817	8.88261
14.9841	8.87762
14.9864	8.87277
14.9888	8.86775
14.9913	8.86277
14.9936	8.85786
14.9958	8.85321
14.9981	8.84826
15.0003	8.84359
15.0026	8.83882
15.005	8.83406
15.0071	8.82963
15.0095	8.82496
15.0119	8.82031
15.0142	8.81581
15.0166	8.81123
15.0189	8.80682
15.0213	8.80237
15.0235	8.79815
15.0259	8.79382
15.0282	8.78952
15.0306	8.78535
15.0329	8.78124
15.0351	8.77722
15.0373	8.77341
15.0395	8.76961
15.0414	8.76624
15.0435	8.76269
15.0456	8.75911
15.0474	8.75603
15.0494	8.75279
15.0512	8.74975
15.053	8.74671
15.055	8.74361
15.0567	8.74073
15.0586	8.73774
15.0605	8.73483
15.0625	8.73183
15.0645	8.72888
15.0665	8.72597
15.0685	8.72305
15.0705	8.7202
15.0725	8.71737
15.0746	8.71456
15.0768	8.71178
15.0789	8.70897
15.0813	8.70615
15.0833	8.70344
15.0854	8.70074
15.0874	8.69817
15.0894	8.69554
15.0915	8.693
15.0935	8.6904
15.0956	8.68781
15.0977	8.68524
15.0998	8.68269
15.1019	8.68031
15.104	8.6778
15.1061	8.67533
15.1082	8.67289
15.1102	8.6706
15.1123	8.66828
15.1144	8.66594
15.1166	8.66357
15.1188	8.6612
15.1209	8.65889
15.1229	8.6569
15.1252	8.65453
15.1272	8.65243
15.1293	8.65029
15.1315	8.64814
15.1337	8.64613
15.1358	8.64401
15.1381	8.64189
15.1403	8.63976
15.1426	8.63765
15.1446	8.63584
15.1468	8.63381
15.1491	8.63176
15.1514	8.62977
15.1537	8.62778
15.1559	8.62598
15.1582	8.62399
15.1606	8.62198
15.163	8.61999
15.1653	8.61807
15.1677	8.61626
15.1701	8.61433
15.1725	8.61247
15.175	8.61058
15.1774	8.60868
15.1798	8.60702
15.1823	8.60515
15.1848	8.60333
15.1873	8.60149
15.1899	8.59965
15.1924	8.59799
15.1948	8.5963
15.1975	8.5945
15.2001	8.5927
15.2027	8.59096
15.2053	8.58931
15.2079	8.58762
15.2107	8.58587
15.2133	8.58416
15.2161	8.58244
15.2188	8.58085
15.2214	8.57925
15.2242	8.57756
15.227	8.57591
15.2299	8.57425
15.2327	8.57272
15.2356	8.57108
15.2385	8.56945
15.2413	8.56791
15.2442	8.56631
15.2471	8.56485
15.2501	8.56327
15.2531	8.5617
15.2561	8.56016
15.2591	8.55862
15.2621	8.55722
15.2651	8.55572
15.2682	8.55421
15.2711	8.55279
15.2742	8.55131
15.2773	8.54998
15.2804	8.54853
15.2835	8.54711
15.2867	8.54569
15.2897	8.54433
15.2929	8.54305
15.2961	8.54163
15.2994	8.54026
15.3026	8.53889
15.3059	8.53757
15.3091	8.53634
15.3123	8.53508
15.3158	8.53367
15.319	8.53242
15.3223	8.53116
15.3257	8.52999
15.3291	8.52871
15.3325	8.52745
15.3359	8.52618
15.3392	8.52502
15.3426	8.52392
15.3461	8.52272
15.3496	8.52154
15.353	8.52038
15.3565	8.51923
15.36	8.51819
15.3635	8.51708
15.3672	8.51593
15.3706	8.51486
15.3742	8.51376
15.3778	8.51278
15.3814	8.51171
15.3852	8.51062
15.3888	8.50958
15.3927	8.50849
15.3965	8.50753
15.4004	8.50646
15.4045	8.50537
15.4085	8.50428
15.4125	8.50325
15.4167	8.50229
15.4207	8.50127
15.425	8.50023
15.4291	8.49925
15.4336	8.49817
15.4379	8.49728
15.4421	8.49634
15.4465	8.49533
15.4511	8.49434
15.4557	8.49336
15.46	8.4926
15.4647	8.49167
15.4695	8.49071
15.4743	8.4898
15.4791	8.4889
15.4839	8.48815
15.4887	8.4873
15.4936	8.48646
15.4985	8.48564
15.5035	8.48482
15.5082	8.48421
15.5131	8.48343
15.518	8.48271
15.523	8.48199
15.528	8.48127
15.5329	8.48073
15.5379	8.48008
15.5427	8.47947
15.5478	8.47885
15.5528	8.47826
15.5578	8.47781
15.5629	8.47721
15.568	8.47664
15.5731	8.47608
15.5781	8.47558
15.5831	8.47519
15.5879	8.47476
15.5929	8.47432
15.5978	8.4739
15.6028	8.4735
15.6087	8.47269
15.6136	8.47234
15.6186	8.47199
15.6237	8.47165
15.6288	8.47134
15.6337	8.47118
15.6388	8.4709
15.6437	8.47064
15.6489	8.4704
15.6538	8.47019
15.6589	8.4701
15.6637	8.46992
15.6688	8.46974
15.674	8.46959
15.679	8.46947
15.684	8.46947
15.6892	8.46937
15.6943	8.46928
15.6993	8.46923
15.7045	8.46919
15.7096	8.46929
15.7147	8.46928
15.7198	8.46928
15.7252	8.4693
15.7302	8.46935
15.7354	8.46952
15.7406	8.46959
15.7459	8.46967
15.7512	8.46976
15.7562	8.46987
15.7613	8.47013
15.7666	8.47026
15.7717	8.47042
15.7773	8.47059
15.7824	8.47076
15.7878	8.47108
15.7932	8.47129
15.7986	8.47151
15.8041	8.47174
15.8095	8.472
15.8148	8.47239
15.8203	8.47266
15.8255	8.47295
15.831	8.47325
15.8364	8.47356
15.8417	8.474
15.8472	8.47433
15.8527	8.47468
15.8582	8.47503
15.8636	8.4754
15.8691	8.4759
15.8747	8.47629
15.8803	8.47669
15.8858	8.4771
15.8916	8.47754
15.8971	8.47809
15.9026	8.47852
15.9082	8.47897
15.9139	8.47944
15.9195	8.47991
15.9249	8.4805
15.9305	8.48096
15.9361	8.48145
15.9418	8.48195
15.9474	8.48246
15.9529	8.4831
15.9585	8.48362
15.9642	8.48414
15.97	8.48467
15.9755	8.4852
15.9812	8.48589
15.987	8.48644
15.9928	8.48701
15.9986	8.48758
16.0045	8.48816
16.0102	8.48888
16.0159	8.48945
16.0216	8.49002
16.0273	8.49062
16.0331	8.49122
16.0389	8.49195
16.0447	8.49256
16.0503	8.49317
16.0561	8.4938
16.062	8.49444
16.0677	8.49519
16.0738	8.49586
16.0796	8.49649
16.0855	8.49713
16.0914	8.49778
16.0973	8.49857
16.1032	8.49922
16.1087	8.49986
16.1147	8.50054
16.1206	8.50121
16.1265	8.50201
16.1325	8.5027
16.1385	8.50338
16.1443	8.50404
16.1503	8.50472
16.1562	8.50556
16.162	8.50622
16.1682	8.50693
16.1742	8.50762
16.18	8.50828
16.1859	8.50909
16.1918	8.50976
16.198	8.51046
16.2037	8.51111
16.2099	8.5118
16.2159	8.5126
16.2222	8.51329
16.2283	8.51397
16.2344	8.51465
16.2403	8.51531
16.2463	8.5161
16.2522	8.51674
16.2585	8.51743
16.2647	8.5181
16.2708	8.51876
16.277	8.51955
16.2833	8.52022
16.2896	8.52089
16.2963	8.52159
16.3025	8.52226
16.3086	8.52302
16.315	8.52368
16.3213	8.52432
16.3275	8.52496
16.3338	8.5256
16.3402	8.5264
16.3469	8.5271
16.3533	8.52772
16.3597	8.52835
16.3657	8.52893
16.372	8.52965
16.3784	8.53023
16.3848	8.53082
16.3909	8.53138
16.3972	8.53196
16.4032	8.53264
16.4096	8.5332
16.4159	8.53374
16.4222	8.53428
16.4285	8.5348
16.4346	8.5353
16.4407	8.53594
16.447	8.53644
16.4533	8.53694
16.4596	8.53742
16.4659	8.53789
16.4719	8.53846
16.4782	8.53893
16.4845	8.53938
16.4906	8.53982
16.4966	8.54037
16.5031	8.5408
16.5092	8.5412
16.5155	8.54161
16.5218	8.54201
16.5281	8.54239
16.5341	8.54289
16.5404	8.54326
16.5465	8.54361
16.553	8.54398
16.5593	8.54432
16.5652	8.54476
16.5715	8.54508
16.5778	8.5454
16.5839	8.54572
16.5905	8.54602
16.5963	8.54642
16.6026	8.5467
16.6089	8.54698
16.6152	8.54724
16.6215	8.54748
16.6274	8.54784
16.6337	8.54807
16.64	8.5483
16.646	8.54851
16.6526	8.54871
16.6585	8.54903
16.6648	8.54923
16.6712	8.54941
16.6775	8.54958
16.6838	8.54973
16.69	8.54998
16.6961	8.55012
16.7024	8.55025
16.7085	8.55038
16.7149	8.55051
16.7212	8.55061
16.7275	8.55059
16.734	8.55056
16.7406	8.55053
16.7471	8.55049
16.753	8.55064
16.7593	8.5507
16.7656	8.55076
16.7722	8.5507
16.7787	8.55063
16.7851	8.55053
16.7918	8.55043
16.798	8.55034
16.8045	8.55023
16.8113	8.55012
16.8174	8.55
16.8241	8.54987
16.8304	8.54974
16.837	8.5496
16.8435	8.54945
16.8501	8.54927
16.8564	8.54911
16.863	8.54893
16.8696	8.54875
16.8761	8.54857
16.8827	8.54838
16.889	8.54819
16.8958	8.54797
16.9019	8.54776
16.9085	8.54754
16.9151	8.5473
16.9217	8.54706
16.9281	8.54683
16.9347	8.54658
16.9412	8.54634
16.9476	8.54607
16.9543	8.5458
16.9609	8.54552
16.9674	8.54524
16.9742	8.54494
16.9807	8.54464
16.9872	8.54435
16.9939	8.54405
17.0002	8.54376
17.0066	8.54347
17.0131	8.54316
17.0197	8.54284
17.0263	8.54252
17.0327	8.54222
17.0392	8.54189
17.0458	8.54155
17.0524	8.5412
17.0588	8.54085
17.0657	8.54049
17.0723	8.54013
17.0787	8.53976
17.0852	8.53939
17.0918	8.53902
17.0982	8.53866
17.1047	8.53828
17.1113	8.53789
17.1176	8.53752
17.1242	8.53714
17.1307	8.53675
17.137	8.53638
17.1435	8.53599
17.1501	8.53559
17.1566	8.53519
17.1631	8.53478
17.1697	8.53437
17.176	8.53395
17.1825	8.53354
17.189	8.53312
17.1953	8.53272
17.2018	8.5323
17.2081	8.53187
17.215	8.53142
17.221	8.53102
17.2275	8.53059
17.234	8.53016
17.2427	8.52999
17.2503	8.52968
17.2567	8.52924
17.263	8.52879
17.2707	8.52845
17.2788	8.52824
17.2861	8.5279
17.2932	8.52755
17.3002	8.5272
17.3073	8.52685
17.3147	8.52661
17.3214	8.52627
17.3279	8.52592
17.3345	8.52554
17.3411	8.52517
17.348	8.52487
17.3544	8.52449
17.3606	8.52401
17.3672	8.52359
17.3734	8.5231
17.3799	8.52275
17.3866	8.52229
17.3929	8.52184
17.3991	8.52139
17.4054	8.52091
17.4116	8.52044
17.418	8.51991
17.4238	8.51943
17.43	8.51891
17.4362	8.51839
17.4421	8.51779
17.448	8.5172
17.4538	8.51662
17.4597	8.51601
17.4658	8.51544
17.4717	8.5148
17.4777	8.51423
17.4837	8.51356
17.4898	8.51298
17.4959	8.51241
17.5016	8.51171
17.5077	8.51112
17.5137	8.51054
17.5194	8.51
17.5274	8.51016
17.533	8.50935
17.5391	8.50877
17.5448	8.50805
17.5503	8.50734
17.5562	8.50664
17.5618	8.5058
17.568	8.50522
17.574	8.50464
17.5799	8.50389
17.5858	8.50315
17.5912	8.50215
17.5971	8.50141
17.6031	8.50071
17.6087	8.50005
17.6147	8.49936
17.6202	8.49848
17.6262	8.49781
17.6322	8.49712
17.638	8.49645
17.644	8.49577
17.6496	8.49488
17.6557	8.49419
17.6617	8.4935
17.6672	8.49258
17.6735	8.49189
17.6789	8.49098
17.6845	8.49007
17.6906	8.48937
17.6966	8.48868
17.7027	8.48799
17.7079	8.48705
17.7139	8.48636
17.7198	8.48566
17.7258	8.48496
17.7318	8.48425
17.7372	8.48329
17.7433	8.48257
17.7494	8.48186
17.7552	8.48117
17.7612	8.48047
17.7669	8.47948
17.7729	8.47878
17.779	8.47808
17.785	8.47738
17.7911	8.47666
17.7963	8.47563
17.8023	8.47491
17.8084	8.47418
17.8143	8.47346
17.8204	8.47273
17.826	8.47164
17.8319	8.47091
17.838	8.47017
17.8439	8.46943
17.8499	8.4687
17.8556	8.46759
17.8616	8.46684
17.8676	8.4661
17.8736	8.46535
17.8797	8.46463
17.8854	8.46356
17.891	8.46285
17.897	8.46213
17.9031	8.46141
17.9091	8.46072
17.9148	8.45967
17.9208	8.45897
17.9269	8.45829
17.9327	8.45763
17.9385	8.45692
17.9442	8.45586
17.9503	8.45515
17.9568	8.4547
17.9628	8.45398
17.9689	8.45326
17.9746	8.45214
17.9806	8.45142
17.9862	8.45068
17.9922	8.4499
17.9983	8.44912
18.0039	8.44787
18.01	8.44711
18.016	8.44635
18.0221	8.44559
18.0283	8.44484
18.0336	8.44367
18.0397	8.44291
18.0458	8.44222
18.0519	8.44149
18.058	8.44075
18.0637	8.43956
18.0698	8.43882
18.0762	8.43835
18.0826	8.43788
18.0883	8.43713
18.0943	8.43619
18.1007	8.43575
18.1068	8.43501
18.1129	8.43426
18.1193	8.43384
18.1251	8.43265
18.1311	8.43224
18.1375	8.4318
18.1439	8.43134
18.1503	8.43089
18.156	8.42961
18.1624	8.42916
18.1684	8.42835
18.1744	8.42753
18.18	8.42677
18.1857	8.42548
18.1917	8.42472
18.1977	8.42396
18.2038	8.4232
18.2098	8.42243
18.2158	8.42197
18.2225	8.42156
18.2287	8.42118
18.2354	8.42076
18.2414	8.42037
18.2476	8.41988
18.2538	8.4195
18.2601	8.41912
18.2663	8.41869
18.2725	8.41826
18.2783	8.41776
18.2844	8.41734
18.2906	8.41689
18.2968	8.41645
18.3031	8.41601
18.3092	8.41546
18.3156	8.41499
18.3213	8.41458
18.3276	8.41412
18.3338	8.41367
18.34	8.4132
18.3462	8.41275
18.3527	8.41231
18.3589	8.41186
18.3652	8.41143
18.3713	8.41098
18.3773	8.41056
18.3834	8.41014
18.3896	8.40968
18.3958	8.40923
18.4019	8.40878
18.4082	8.40832
18.4144	8.40786
18.4205	8.40741
18.4265	8.40698
18.4327	8.40655
18.4389	8.40609
18.4451	8.40564
18.4514	8.40518
18.4576	8.4047
18.4637	8.40423
18.4695	8.40377
18.4759	8.40327
18.4819	8.4028
18.4881	8.40231
18.4943	8.40184
18.5005	8.40134
18.5068	8.40084
18.513	8.40034
18.5188	8.39988
18.525	8.39942
18.5312	8.39891
18.5374	8.39838
18.5436	8.39786
18.5498	8.39734
18.556	8.39686
18.5622	8.39634
18.5684	8.39582
18.5743	8.39532
18.5802	8.39481
18.5863	8.39435
18.5924	8.39382
18.5986	8.39327
18.6048	8.3927
18.611	8.39214
18.6167	8.39168
18.6229	8.39113
18.629	8.39057
18.6352	8.39002
18.6413	8.38947
18.6474	8.38898
18.6535	8.38842
18.6596	8.38785
18.6657	8.38728
18.6713	8.38674
18.6774	8.38625
18.6834	8.38566
18.6895	8.38507
18.6956	8.38445
18.7017	8.38385
18.7075	8.38335
18.7136	8.38274
18.7196	8.38215
18.7259	8.38151
18.7319	8.38091
18.738	8.38035
18.7441	8.3797
18.7502	8.37905
18.7563	8.3784
18.7624	8.37774
18.7682	8.3772
18.7742	8.37657
18.7803	8.37588
18.7864	8.37521
18.7926	8.37453
18.7987	8.37394
18.8044	8.37329
18.8107	8.37256
18.8169	8.3719
18.8229	8.37127
18.829	8.37072
18.8352	8.37004
18.8414	8.36937
18.8475	8.3687
18.8534	8.368
18.8597	8.36736
18.8658	8.36661
18.872	8.36586
18.8779	8.36515
18.8841	8.3644
18.8902	8.36373
18.8962	8.36299
18.9022	8.36226
18.9084	8.3615
18.9148	8.3607
18.9208	8.36005
18.927	8.35931
18.9333	8.35856
18.9395	8.35782
18.9457	8.35708
18.9519	8.35647
18.9579	8.35574
18.9641	8.355
18.9702	8.35428
18.9764	8.35354
18.9826	8.35275
18.9889	8.35209
18.9952	8.35131
19.0015	8.35053
19.0074	8.34981
19.0137	8.34903
19.0202	8.34833
19.0263	8.34758
19.0326	8.34679
19.039	8.346
19.0453	8.34521
19.0516	8.34453
19.0577	8.34376
19.0639	8.34299
19.0702	8.34219
19.0766	8.34139
19.0829	8.34069
19.0893	8.33989
19.0957	8.33908
19.1017	8.33833
19.1084	8.33748
19.1146	8.33679
19.121	8.33598
19.1275	8.33517
19.1339	8.33433
19.1404	8.3335
19.1467	8.33274
19.1531	8.33191
19.1593	8.33111
19.1656	8.33029
19.1718	8.32949
19.1784	8.3287
19.1846	8.32792
19.191	8.32709
19.1974	8.32628
19.2038	8.32549
19.2101	8.32482
19.2164	8.32408
19.2226	8.32332
19.2289	8.32253
19.2353	8.32175
19.2416	8.32104
19.2481	8.32025
19.2544	8.31948
19.2605	8.31873
19.2668	8.31797
19.2731	8.31726
19.2795	8.31649
19.2857	8.31575
19.2921	8.31499
19.2985	8.31423
19.3049	8.31354
19.311	8.31284
19.3177	8.31205
19.324	8.31134
19.3302	8.31063
19.3366	8.30996
19.343	8.30923
19.3494	8.3085
19.3558	8.30778
19.362	8.30709
19.3685	8.30642
19.3748	8.30572
19.381	8.30504
19.3875	8.30434
19.3939	8.30363
19.4004	8.30299
19.4069	8.30229
19.4133	8.3016
19.4193	8.30095
19.4258	8.30027
19.4322	8.29967
19.4387	8.299
19.4452	8.29835
19.4516	8.29769
19.4581	8.29704
19.4643	8.29647
19.4708	8.29583
19.477	8.29521
19.4835	8.29457
19.49	8.29394
19.4965	8.29337
19.5031	8.29273
19.5096	8.29211
19.5157	8.29152
19.5223	8.2909
19.5287	8.29037
19.5352	8.28977
19.5417	8.28917
19.5482	8.28857
19.5547	8.28797
19.5613	8.28744
19.5676	8.28687
19.5741	8.28628
19.5804	8.28571
19.5869	8.28514
19.5934	8.28463
19.5999	8.28405
19.6064	8.28348
19.613	8.28291
19.6191	8.28238
19.6256	8.28187
19.6322	8.2813
19.6387	8.28074
19.6452	8.28019
19.6518	8.27964
19.6583	8.27918
19.6649	8.27864
19.6715	8.27811
19.6779	8.27758
19.6846	8.27705
19.691	8.27661
19.6975	8.27609
19.7041	8.27556
19.7107	8.27503
19.7173	8.27451
19.7239	8.27405
19.7301	8.27358
19.7367	8.27307
19.7433	8.27256
19.7498	8.27207
19.7564	8.27164
19.7629	8.27115
19.7695	8.27068
19.776	8.2702
19.7826	8.26973
19.7888	8.26935
19.7954	8.26887
19.8019	8.26841
19.8085	8.26794
19.8151	8.26749
19.8219	8.26709
19.8286	8.26662
19.835	8.26619
19.8413	8.26575
19.8479	8.2653
19.8544	8.26492
19.8612	8.26446
19.8677	8.26402
19.8742	8.26359
19.8808	8.26317
19.8873	8.2628
19.8935	8.26241
19.9001	8.26199
19.9067	8.26157
19.9133	8.26116
19.9198	8.2608
19.9264	8.26037
19.933	8.25995
19.9392	8.25955
19.9458	8.25913
19.9524	8.25877
19.959	8.25837
19.9655	8.25799
19.9721	8.25761
19.9787	8.25724
19.9853	8.25692
19.9919	8.25655
19.9985	8.25617
20.0047	8.25583
20.0113	8.25546
20.0179	8.25515
20.0245	8.25478
20.0311	8.2544
20.0377	8.25404
20.0439	8.25371
20.0505	8.25341
20.057	8.25306
20.0636	8.25273
20.0702	8.2524
20.0768	8.25207
20.0834	8.25182
20.0901	8.25148
20.0967	8.25116
20.1034	8.25085
20.1096	8.25056
20.1162	8.25028
20.1229	8.24995
20.1295	8.24963
20.1361	8.24931
20.1428	8.249
20.1492	8.24875
20.1558	8.24847
20.1622	8.24821
20.1688	8.24794
20.1754	8.24768
20.1821	8.24748
20.1887	8.24722
20.1953	8.24694
20.202	8.24667
20.2082	8.24642
20.2149	8.2462
20.2215	8.24594
20.2282	8.24568
20.2349	8.24542
20.2415	8.24519
20.2481	8.24503
20.2547	8.2448
20.2611	8.24458
20.2675	8.24437
20.2743	8.24417
20.2807	8.24405
20.2874	8.24383
20.294	8.24362
20.3007	8.2434
20.3074	8.2432
20.3136	8.24305
20.3202	8.24284
20.3269	8.24263
20.3335	8.24246
20.3402	8.2423
20.3468	8.24219
20.3535	8.24202
20.3601	8.24187
20.3667	8.24172
20.3729	8.24158
20.3796	8.24146
20.3863	8.24131
20.3929	8.24117
20.3996	8.24102
20.4063	8.24088
20.4129	8.24081
20.4196	8.24069
20.4258	8.24058
20.4325	8.24045
20.4391	8.24034
20.4458	8.24028
20.4525	8.24019
20.4591	8.24009
20.4657	8.23999
20.4723	8.23989
20.4785	8.23985
20.4851	8.23975
20.4918	8.23966
20.4985	8.23957
20.5052	8.2395
20.5119	8.23948
20.5185	8.23941
20.5252	8.23935
20.5314	8.23929
20.538	8.23924
20.5446	8.23922
20.5512	8.23916
20.5578	8.2391
20.5644	8.23904
20.5708	8.23901
20.5777	8.239
20.5839	8.23897
20.5905	8.23892
20.5972	8.23888
20.6039	8.23887
20.6105	8.2389
20.6171	8.23889
20.6242	8.23888
20.6308	8.23888
20.637	8.23888
20.6432	8.23893
20.6504	8.23892
20.6564	8.23891
20.6634	8.2389
20.6701	8.23895
20.6767	8.23897
20.6829	8.23899
20.6892	8.23901
20.6966	8.23903
20.7024	8.23912
20.7099	8.23916
20.7162	8.23921
20.7228	8.23927
20.729	8.23932
20.7357	8.23942
20.7427	8.23947
20.7493	8.23952
20.7559	8.23957
20.7623	8.23962
20.7687	8.23969
20.7749	8.23979
20.782	8.23987
20.7886	8.23997
20.7952	8.24007
20.8018	8.24021
20.8085	8.24031
20.8147	8.24042
20.8209	8.24054
20.8279	8.24065
20.8345	8.24079
20.8411	8.2409
20.8477	8.241
20.8543	8.24111
20.8607	8.24122
20.867	8.24138
20.8735	8.24151
20.8801	8.24165
20.8867	8.2418
20.8933	8.24195
20.8999	8.24213
20.9065	8.24229
20.9131	8.24244
20.9197	8.24261
20.9259	8.24276
20.9325	8.24293
20.939	8.24309
20.9456	8.24324
20.9522	8.2434
20.9587	8.24357
20.9652	8.24376
20.9716	8.24396
20.9779	8.24414
20.9845	8.24434
20.9912	8.24456
20.9977	8.24479
21.0044	8.24501
21.011	8.24523
21.0176	8.24545
21.0242	8.24567
21.0303	8.24587
21.0368	8.24608
21.0434	8.24629
21.0499	8.2465
21.0564	8.24672
21.0629	8.24694
21.0692	8.2472
21.0757	8.24745
21.082	8.24769
21.0885	8.24794
21.0951	8.2482
21.1015	8.24849
21.1081	8.24875
21.1146	8.24902
21.1211	8.24928
21.1272	8.24954
21.1337	8.24983
21.1401	8.2501
21.1466	8.25037
21.1531	8.25064
21.1596	8.25093
21.166	8.25122
21.1726	8.25151
21.1787	8.25178
21.1854	8.25208
21.1917	8.25237
21.1982	8.25271
21.2046	8.25302
21.2111	8.25332
21.2176	8.25364
21.2241	8.25396
21.2304	8.25429
21.2367	8.25461
21.2432	8.25493
21.2496	8.25525
21.2561	8.25559
21.2624	8.25593
21.2686	8.25625
21.275	8.25658
21.2813	8.2569
21.2877	8.25725
21.2941	8.25761
21.3006	8.25795
21.307	8.2583
21.3135	8.25864
21.3199	8.259
21.3262	8.25938
21.3323	8.25978
21.3388	8.26021
21.3453	8.26063
21.3518	8.26106
21.3583	8.26155
21.3648	8.26197
21.3711	8.2624
21.3777	8.26284
21.3841	8.26327
21.3906	8.26378
21.3971	8.26423
21.4037	8.26468
21.4102	8.26512
21.4169	8.26557
21.4234	8.26607
21.4298	8.26652
21.4359	8.26695
21.4424	8.26741
21.4488	8.26792
21.4561	8.26843
21.4617	8.26884
21.468	8.26929
21.4745	8.26976
21.481	8.27023
21.4872	8.27075
21.4937	8.27122
21.5003	8.27171
21.5068	8.27229
21.5132	8.27286
21.5196	8.27358
21.5261	8.27416
21.5321	8.2747
21.5385	8.27527
21.545	8.27579
21.5513	8.27648
21.5577	8.27709
21.5642	8.2777
21.5704	8.2783
21.5771	8.2789
21.5833	8.2796
21.5895	8.28017
21.5959	8.28069
21.6023	8.28122
21.6087	8.28175
21.6151	8.28233
21.6216	8.28286
21.628	8.2834
21.6341	8.28391
21.6406	8.28445
21.647	8.28506
21.6534	8.28561
21.6599	8.28615
21.6663	8.28669
21.6727	8.28723
21.6792	8.28785
21.6852	8.28837
21.6917	8.28892
21.6982	8.28947
21.7046	8.29002
21.7111	8.29061
21.7175	8.29116
21.724	8.29171
21.7302	8.29225
21.7366	8.2928
21.7432	8.29342
21.7492	8.29395
21.7556	8.29451
21.762	8.29507
21.7684	8.29564
21.7749	8.29626
21.7813	8.29683
21.7874	8.29738
21.7939	8.29796
21.8005	8.29856
21.8067	8.29917
21.8131	8.29975
21.8196	8.30033
21.826	8.30091
21.8324	8.3015
21.8388	8.30214
21.8448	8.30268
21.8512	8.30326
21.8576	8.30385
21.8639	8.30443
21.8703	8.30507
21.8766	8.30566
21.883	8.30625
21.889	8.30681
21.8954	8.3074
21.9018	8.30806
21.9082	8.30866
21.9146	8.30926
21.9217	8.30994
21.9273	8.31047
21.9336	8.31112
21.9398	8.3117
21.9459	8.31229
21.9523	8.3129
21.9586	8.3135
21.9649	8.31415
21.9711	8.31477
21.9773	8.31539
21.9834	8.316
21.9894	8.3166
21.995	8.31726
22.0012	8.31788
22.0075	8.31851
22.0134	8.31911
22.0195	8.31973
22.0253	8.32043
22.0312	8.32104
22.0378	8.32172
22.0437	8.32233
22.0497	8.32295
22.0553	8.32363
22.0614	8.32428
22.0675	8.32492
22.0736	8.32556
22.0794	8.32617
22.0853	8.3269
22.0914	8.32755
22.0976	8.3282
22.1037	8.32886
22.1099	8.3295
22.1157	8.33024
22.1219	8.3309
22.1286	8.3305
22.1345	8.33114
22.1402	8.33177
22.1461	8.33255
22.1522	8.33323
22.1583	8.3339
22.1644	8.33458
22.1706	8.33527
22.1761	8.33602
22.1823	8.3367
22.1884	8.33738
22.1952	8.33706
22.2019	8.33674
22.2092	8.3356
22.2159	8.33533
22.2227	8.33507
22.2288	8.33572
22.2351	8.33639
22.2421	8.33628
22.2476	8.33698
22.2538	8.33768
22.2599	8.3384
22.2667	8.33817
22.2734	8.33811
22.2794	8.33878
22.2856	8.33948
22.2915	8.34032
22.2976	8.34116
22.3035	8.34217
22.3097	8.34289
22.3158	8.3436
22.3219	8.34433
22.3287	8.34417
22.3358	8.34335
22.3423	8.34322
22.3491	8.34311
22.356	8.343
22.363	8.34289
22.3698	8.34299
22.3767	8.3429
22.3832	8.3428
22.3902	8.34277
22.3968	8.3427
22.4039	8.3422
22.4106	8.34221
22.4174	8.34224
22.4235	8.34296
22.4297	8.34369
22.4352	8.34467
22.4415	8.34541
22.4475	8.34613
22.4536	8.34687
22.4598	8.34759
22.4657	8.34856
22.4718	8.34928
22.4777	8.34998
22.4836	8.3507
22.4897	8.35141
22.4956	8.35238
22.5017	8.35309
22.5078	8.35381
22.5138	8.35452
22.5204	8.35469
22.5273	8.3546
22.5337	8.35477
22.5397	8.35546
22.5455	8.35613
22.5516	8.3568
22.5574	8.35768
22.5634	8.35834
22.5695	8.35903
22.5751	8.35968
22.5812	8.36035
22.5872	8.36125
22.593	8.36191
22.5991	8.36258
22.6051	8.36325
22.6111	8.36391
22.6169	8.36478
22.6228	8.36544
22.6288	8.3661
22.6346	8.36674
22.6405	8.36737
22.6461	8.36818
22.652	8.3688
22.658	8.36943
22.6641	8.37006
22.6701	8.37068
22.6756	8.37147
22.6814	8.37207
22.6876	8.37269
22.6935	8.3733
22.6992	8.37388
22.7049	8.37465
22.7108	8.37523
22.7167	8.37582
22.7224	8.37637
22.7283	8.37694
22.7338	8.37767
22.7398	8.37823
22.7457	8.3788
22.7516	8.37935
22.7574	8.37988
22.7631	8.38057
22.769	8.38111
22.775	8.38164
22.7807	8.38217
22.7867	8.38268
22.7924	8.38334
22.7984	8.38384
22.8042	8.38433
22.8104	8.38484
22.8162	8.38532
22.822	8.38591
22.8278	8.38639
22.8339	8.38687
22.8399	8.38735
22.846	8.38783
22.8517	8.38839
22.858	8.38888
22.864	8.38933
22.8702	8.3898
22.8762	8.39025
22.8822	8.3908
22.8883	8.39125
22.8945	8.3917
22.9006	8.39214
22.9065	8.39257
22.9121	8.39308
22.9183	8.39339
22.924	8.3937
22.9301	8.39418
22.9362	8.39465
22.942	8.39522
22.9479	8.39568
22.954	8.39615
22.9602	8.39664
22.9659	8.3971
22.9717	8.39769
22.9777	8.39817
22.9836	8.39866
22.9896	8.39916
22.9955	8.39966
23.0012	8.40023
23.0067	8.40068
23.0127	8.40118
23.0185	8.40168
23.0242	8.40218
23.0298	8.40279
23.0357	8.40331
23.0413	8.40382
23.0473	8.40437
23.0529	8.40488
23.0589	8.40538
23.0648	8.40586
23.0707	8.40636
23.0767	8.40687
23.0826	8.40736
23.0882	8.40794
23.0936	8.40849
23.0992	8.40907
23.1046	8.40966
23.1104	8.41028
23.1155	8.41094
23.1211	8.41155
23.1274	8.41225
23.1322	8.41279
23.1376	8.4134
23.1425	8.41364
23.148	8.41428
23.1535	8.41492
23.1588	8.41557
23.1642	8.41625
23.1694	8.41698
23.1751	8.41763
23.1808	8.41827
23.1866	8.41896
23.1922	8.41964
23.1977	8.42032
23.2034	8.42104
23.2098	8.42186
23.2148	8.42251
23.2203	8.42322
23.2259	8.42399
23.2315	8.42475
23.2372	8.42553
23.2429	8.42631
23.2483	8.42709
23.2539	8.42792
23.2596	8.42874
23.2652	8.42959
23.2707	8.43041
23.2763	8.43127
23.2816	8.43212
23.2872	8.433
23.2927	8.43389
23.2981	8.43453
23.3034	8.43524
23.3084	8.4356
23.3137	8.43622
23.3189	8.43686
23.3242	8.4377
23.3295	8.43837
23.3348	8.43906
23.3402	8.43999
23.3457	8.44093
23.351	8.44186
23.3564	8.4428
23.3614	8.44339
23.3668	8.44438
23.3719	8.44515
23.3771	8.44598
23.383	8.44702
23.3873	8.44776
23.3932	8.44878
23.3977	8.4496
23.403	8.45062
23.4082	8.45159
23.4133	8.45278
23.4187	8.45399
23.4241	8.45521
23.4294	8.45645
23.4346	8.45767
23.44	8.45894
23.4453	8.46026
23.4508	8.46159
23.456	8.4629
23.4611	8.46418
23.4664	8.46556
23.4721	8.46704
23.4767	8.46825
23.4819	8.46963
23.487	8.47101
23.4922	8.47243
23.4971	8.47382
23.5025	8.47532
23.5074	8.47672
23.5125	8.47817
23.5174	8.47965
23.5226	8.48117
23.5276	8.48268
23.5327	8.4842
23.5376	8.4857
23.5426	8.48727
23.5475	8.48884
23.5531	8.49063
23.5575	8.49203
23.5624	8.49365
23.5673	8.49531
23.5722	8.49696
23.5769	8.49856
23.5819	8.50031
23.5866	8.50193
23.5913	8.5036
23.596	8.50534
23.6008	8.5071
23.6056	8.50885
23.6103	8.51062
23.6148	8.51234
23.6194	8.51412
23.6247	8.5162
23.6286	8.51774
23.633	8.51951
23.6372	8.52126
23.6414	8.52301
23.6455	8.52473
23.6494	8.52639
23.6533	8.52808
23.6569	8.52964
23.6607	8.53132
23.6644	8.53294
23.668	8.53459
23.6716	8.53624
23.675	8.53782
23.6785	8.53945
23.6819	8.54103
23.6857	8.54286
23.689	8.54445
23.6923	8.54606
23.6951	8.54749
23.6984	8.54911
23.7016	8.55072
23.7047	8.55227
23.7078	8.5539
23.7114	8.55575
23.7141	8.55719
23.7172	8.55881
23.7203	8.56048
23.7234	8.56215
23.7264	8.56383
23.7293	8.56546
23.7323	8.56711
23.7357	8.56903
23.7386	8.57076
23.7416	8.57246
23.7445	8.57419
23.7471	8.57567
23.75	8.57741
23.7529	8.57916
23.7555	8.5808
23.7588	8.58279
23.7612	8.58435
23.7644	8.58636
23.7669	8.58792
23.7696	8.58971
23.7724	8.59154
23.7752	8.59337
23.7778	8.59508
23.7808	8.59715
23.7835	8.59901
23.7858	8.60062
23.7885	8.60249
23.7912	8.60435
23.7941	8.60646
23.7961	8.60798
23.799	8.6101
23.8015	8.61198
23.8036	8.61362
23.8061	8.61554
23.8085	8.61744
23.8108	8.61927
23.8134	8.62129
23.8156	8.6231
23.8183	8.6253
23.8206	8.62723
23.823	8.62918
23.825	8.63089
23.8276	8.63311
23.8296	8.63485
23.8319	8.63681
23.8341	8.63881
23.8363	8.64071
23.8385	8.64272
23.8407	8.64476
23.8431	8.64705
23.845	8.64883
23.8472	8.65088
23.8492	8.65278
23.8512	8.65483
23.8533	8.65688
23.8555	8.65911
23.8574	8.66108
23.8593	8.66306
23.8611	8.66507
23.8625	8.66669
23.8644	8.66874
23.8662	8.67071
23.868	8.67277
23.8698	8.67485
23.8714	8.67685
23.8735	8.67925
23.8751	8.68113
23.8769	8.68328
23.8787	8.68548
23.8801	8.68745
23.8822	8.68997
23.8839	8.69224
23.8857	8.69455
23.8875	8.69687
23.8888	8.69879
23.8906	8.70113
23.8923	8.7035
23.894	8.70575
23.8958	8.70837
23.8975	8.71083
23.8992	8.71328
23.9007	8.71543
23.9024	8.71792
23.9041	8.72034
23.9056	8.72279
23.9075	8.72568
23.9092	8.72828
23.9109	8.73092
23.9124	8.73349
23.9141	8.73616
23.9157	8.7387
23.9174	8.74142
23.919	8.74416
23.9205	8.74658
23.922	8.74924
23.9236	8.75204
23.9253	8.75489
23.927	8.75778
23.9284	8.76048
23.9303	8.76377
23.9319	8.76669
23.9336	8.7697
23.9352	8.77273
23.9367	8.77569
23.9383	8.77875
23.94	8.78185
23.9416	8.78488
23.9433	8.78826
23.9448	8.79115
23.9473	8.79497
23.9504	8.79951
23.9529	8.80328
23.9558	8.80762
23.9596	8.81296
23.9626	8.81775
23.9652	8.82178
23.9684	8.82709
23.9712	8.83185
23.9749	8.8372
23.9777	8.84211
23.9803	8.8465
23.9833	8.85188
23.986	8.85674
23.9889	8.86196
23.992	8.86683
23.9947	8.87176
23.9977	8.87752
24.0001	8.88199
24.0031	8.88785
24.0061	8.89283
24.009	8.89862
24.0117	8.90416
24.0139	8.90856
24.0174	8.91491
24.02	8.92032
24.0225	8.92578
24.0257	8.93161
24.0289	8.93745
24.032	8.94335
24.0359	8.94916
24.0388	8.95476
24.0421	8.96142
24.0452	8.96741
24.0491	8.97394
24.0521	8.98
24.0562	8.98905
24.0584	8.99418
24.0611	9.00081
24.0636	9.00587
24.0663	9.0125
24.0687	9.01846
24.0711	9.02447
24.0736	9.03053
24.0764	9.03677
24.0789	9.04293
24.0813	9.04906
24.0834	9.05407
24.0861	9.06086
24.0889	9.06706
24.0913	9.07307
24.0937	9.07906
24.096	9.08494
24.0984	9.09081
24.1007	9.09663
24.103	9.10151
24.1056	9.10799
24.1079	9.11377
24.1103	9.11952
24.1129	9.12538
24.1152	9.13105
24.1176	9.13668
24.1197	9.14189
24.122	9.14745
24.1246	9.15301
24.1269	9.15852
24.1292	9.16397
24.1315	9.16943
24.1338	9.17487
24.1364	9.18039
24.1387	9.18569
24.141	9.19095
24.1433	9.19635
24.1457	9.20176
24.1486	9.20845
24.151	9.21386
24.1534	9.21926
24.1558	9.22467
24.1582	9.23011
24.1609	9.23605
24.1634	9.24142
24.1658	9.2468
24.1683	9.25217
24.1707	9.25754
24.1732	9.26292
24.1757	9.26781
24.1785	9.27389
24.1806	9.2783
24.1835	9.28442
24.1867	9.29265
24.1893	9.29811
24.1919	9.30354
24.1945	9.30894
24.1971	9.31432
24.1993	9.31943
24.2015	9.32429
24.2038	9.32948
24.2062	9.33466
24.2082	9.33921
24.2108	9.34497
24.2132	9.35021
24.2153	9.3546
24.2181	9.36069
24.2201	9.36493
24.2229	9.37061
24.2252	9.37527
24.2277	9.38013
24.2302	9.38497
24.2326	9.3898
24.235	9.39417
24.2375	9.39903
24.2399	9.40356
24.2425	9.40845
24.245	9.41331
24.2472	9.41716
24.2501	9.42264
24.2527	9.42751
24.2549	9.43148
24.2577	9.43679
24.2603	9.44115
24.2629	9.44597
24.2656	9.45079
24.2683	9.4556
24.2709	9.46038
24.2735	9.4647
24.2762	9.46983
24.2787	9.4743
24.2814	9.47943
24.2842	9.4842
24.287	9.48914
24.2892	9.49284
24.2923	9.49824
24.2949	9.50281
24.2977	9.50753
24.3005	9.51227
24.3032	9.51646
24.3059	9.52098
24.3087	9.5257
24.3115	9.53042
24.3144	9.53517
24.3172	9.5394
24.32	9.54414
24.3227	9.54851
24.3256	9.5532
24.3285	9.55787
24.3313	9.56204
24.3342	9.5667
24.3371	9.57134
24.34	9.57595
24.3428	9.58039
24.3457	9.58448
24.3481	9.58824
24.3514	9.59342
24.3543	9.59798
24.3573	9.60259
24.3602	9.60674
24.3632	9.61136
24.3661	9.61585
24.369	9.62021
24.3719	9.62422
24.3748	9.6287
24.3777	9.63306
24.3806	9.63739
24.3835	9.64155
24.3864	9.64549
24.3893	9.64965
24.3921	9.6537
24.395	9.65796
24.398	9.66221
24.401	9.6665
24.404	9.67035
24.4071	9.67473
24.4102	9.67919
24.4135	9.68378
24.4166	9.68819
24.4199	9.69222
24.4229	9.6965
24.426	9.70074
24.4288	9.70468
24.4315	9.70842
24.4341	9.71144
24.4365	9.71474
24.4389	9.71798
24.4409	9.72066
24.4433	9.72412
24.4456	9.72665
24.4478	9.72971
24.45	9.73286
24.4523	9.73605
24.4544	9.73912
24.4568	9.7419
24.459	9.74505
24.4612	9.7481
24.4631	9.75072
24.4648	9.75298
24.4666	9.75496
24.4679	9.75676
24.4691	9.75844
24.4703	9.75998
24.4713	9.76147
24.4724	9.76238
24.4733	9.76373
24.4742	9.76509
24.4751	9.76631
24.476	9.76769
24.4769	9.76854
24.4777	9.76987
24.4785	9.77123
24.4792	9.7729
24.4798	9.77444
24.4805	9.77626
24.4812	9.77821
24.4819	9.78028
24.4827	9.78243
24.4835	9.7847
24.4842	9.78687
24.4849	9.78915
24.4856	9.79143
24.4863	9.79379
24.487	9.79612
24.4877	9.79865
24.4884	9.80136
24.4892	9.80403
24.4899	9.8067
24.4906	9.8094
24.4911	9.81197
24.4918	9.81486
24.4926	9.81803
24.4934	9.82137
24.4941	9.82468
24.4949	9.82836
24.4957	9.83233
24.4966	9.83653
24.4974	9.84091
24.4983	9.8455
24.4992	9.84993
24.5002	9.85482
24.5011	9.85977
24.5021	9.86486
24.503	9.87005
24.5041	9.87566
24.505	9.88119
24.5061	9.88705
24.5071	9.89297
24.5082	9.8989
24.5092	9.90504
24.5103	9.91125
24.5114	9.91723
24.5124	9.92343
24.5135	9.92957
24.5146	9.93573
24.5156	9.94166
24.5167	9.94786
24.5177	9.95407
24.5188	9.96021
24.5199	9.96645
24.5209	9.97264
24.522	9.97878
24.523	9.98478
24.5241	9.99115
24.525	9.99713
24.526	10.0031
24.5271	10.0093
24.5281	10.0155
24.5292	10.0217
24.5302	10.0279
24.5312	10.034
24.5323	10.0402
24.5333	10.0465
24.5344	10.0528
24.5354	10.059
24.5365	10.0651
24.5376	10.0713
24.5386	10.0776
24.5397	10.0839
24.5408	10.09
24.5417	10.0954
24.5429	10.1024
24.5438	10.1079
24.545	10.1144
24.5461	10.1213
24.5472	10.1276
24.5483	10.1339
24.5494	10.14
24.5505	10.1465
24.5515	10.1525
24.5526	10.1587
24.5537	10.1647
24.5548	10.171
24.5559	10.1772
24.5569	10.1835
24.558	10.1896
24.5591	10.1961
24.5602	10.2022
24.5613	10.2089
24.5624	10.2151
24.5635	10.2215
24.5646	10.2278
24.5658	10.2341
24.5668	10.2401
24.5679	10.2462
24.569	10.2524
24.5701	10.2584
24.5712	10.2647
24.5724	10.2709
24.5734	10.2772
24.5745	10.2832
24.5757	10.2896
24.5768	10.2959
24.5778	10.3014
24.5791	10.3083
24.5801	10.3138
24.5813	10.3208
24.5825	10.3271
24.5836	10.3334
24.5847	10.3396
24.5859	10.3459
24.587	10.3518
24.5881	10.358
24.5893	10.3645
24.5904	10.3706
24.5915	10.3769
24.5927	10.383
24.5938	10.3893
24.595	10.3954
24.596	10.4009
24.5971	10.4071
24.5984	10.4142
24.5996	10.4204
24.6007	10.4267
24.6018	10.4329
24.603	10.439
24.6041	10.4453
24.6053	10.4515
24.6065	10.4578
24.6076	10.4638
24.6087	10.4702
24.6098	10.4765
24.6109	10.4828
24.612	10.4889
24.613	10.4952
24.6142	10.5013
24.6154	10.5075
24.6165	10.5138
24.6177	10.5201
24.6188	10.5262
24.6199	10.5323
24.6209	10.5384
24.622	10.5444
24.6231	10.5505
24.624	10.5559
24.6251	10.5622
24.6262	10.5681
24.6273	10.5742
24.6284	10.5803
24.6294	10.5862
24.6304	10.5919
24.6314	10.5975
24.6327	10.6041
24.6336	10.6095
24.6348	10.6162
24.6359	10.6224
24.6371	10.6285
24.6382	10.6346
24.6393	10.6407
24.6403	10.6463
24.6414	10.6524
24.6426	10.6585
24.6437	10.6646
24.6449	10.6708
24.646	10.6768
24.6471	10.6828
24.6482	10.6889
24.649	10.6941
24.6503	10.7009
24.6513	10.7067
24.6525	10.7129
24.6537	10.719
24.6549	10.7251
24.656	10.7311
24.6572	10.7374
24.6583	10.7431
24.6595	10.7495
24.6607	10.7555
24.6619	10.7617
24.663	10.7678
24.6643	10.774
24.6654	10.78
24.6667	10.7862
24.6679	10.7924
24.6691	10.7984
24.67	10.8037
24.6714	10.8107
24.6726	10.8169
24.6739	10.8231
24.675	10.8292
24.6762	10.8354
24.6774	10.8412
24.6786	10.8474
24.6798	10.8536
24.681	10.8598
24.6822	10.866
24.6835	10.8722
24.6847	10.8783
24.6859	10.8843
24.6871	10.8903
24.6881	10.8956
24.6893	10.9018
24.6913	10.9099
24.6931	10.9171
24.6953	10.9253
24.697	10.9323
24.6988	10.9392
24.7005	10.9463
24.7023	10.9532
24.7046	10.9614
24.7064	10.9684
24.7082	10.9756
24.7101	10.9828
24.712	10.99
24.7142	10.9979
24.7161	11.005
24.718	11.0119
24.7197	11.0182
24.7218	11.0261
24.724	11.0341
24.7259	11.041
24.7279	11.0482
24.7298	11.0552
24.7317	11.062
24.7339	11.0696
24.7358	11.0766
24.7378	11.0837
24.7397	11.0908
24.7417	11.0976
24.7436	11.1046
24.7457	11.1118
24.7478	11.1191
24.7497	11.126
24.7517	11.1329
24.7539	11.1405
24.7558	11.1474
24.7578	11.1543
24.7598	11.1611
24.7617	11.168
24.7639	11.1753
24.7658	11.182
24.7678	11.1888
24.7698	11.1957
24.7717	11.2023
24.7739	11.2097
24.7758	11.2165
24.7777	11.223
24.7795	11.229
24.7817	11.2365
24.7838	11.2438
24.7858	11.2505
24.7878	11.2572
24.7897	11.2638
24.7917	11.2705
24.7936	11.2768
24.7955	11.2832
24.7975	11.2901
24.7996	11.2972
24.8016	11.3039
24.8037	11.311
24.8056	11.3176
24.8075	11.3238
24.8093	11.33
24.8114	11.3369
24.8132	11.3432
24.8154	11.3505
24.8174	11.357
24.8193	11.3635
24.8213	11.37
24.8231	11.3763
24.825	11.3826
24.8271	11.3896
24.8288	11.3954
24.831	11.4026
24.8329	11.4089
24.8348	11.415
24.8367	11.4212
24.8385	11.4272
24.8401	11.4328
24.8421	11.4396
24.8442	11.4468
24.8461	11.4532
24.848	11.4596
24.8499	11.4659
24.8516	11.4719
24.8534	11.4781
24.8554	11.4847
24.8572	11.491
24.8591	11.4973
24.861	11.5039
24.8628	11.5102
24.8647	11.5165
24.8665	11.5229
24.8682	11.5288
24.8699	11.5344
24.8719	11.541
24.8734	11.5463
24.8755	11.5532
24.8772	11.5592
24.879	11.5654
24.8808	11.5715
24.8825	11.5774
24.8843	11.5833
24.8858	11.5886
24.8878	11.5955
24.8895	11.6016
24.8912	11.6075
24.893	11.6138
24.8947	11.6199
24.8963	11.6256
24.8979	11.631
24.8996	11.6371
24.9015	11.6439
24.9031	11.6499
24.9048	11.6559
24.9064	11.6617
24.9082	11.6679
24.9097	11.6736
24.9111	11.6788
24.9128	11.685
24.9146	11.6916
24.9162	11.6976
24.9179	11.7036
24.9194	11.7095
24.9211	11.7157
24.9226	11.7213
24.9242	11.7273
24.9256	11.7326
24.9272	11.7382
24.929	11.7446
24.9305	11.7504
24.932	11.756
24.9335	11.7618
24.935	11.7674
24.9364	11.7727
24.938	11.7789
24.9395	11.7848
24.941	11.7906
24.9425	11.7964
24.9439	11.802
24.9453	11.8077
24.9467	11.8132
24.9482	11.8194
24.9496	11.8253
24.9508	11.8303
24.9524	11.8369
24.9538	11.8427
24.9552	11.8486
24.9564	11.854
24.9578	11.8597
24.9591	11.8656
24.9604	11.8714
24.9617	11.8773
24.963	11.8831
24.9644	11.8889
24.9657	11.8948
24.9669	11.9004
24.9681	11.9059
24.9694	11.9121
24.9705	11.9173
24.9718	11.923
24.9731	11.9296
24.9742	11.9347
24.9755	11.9413
24.9767	11.9468
24.9778	11.9525
24.9789	11.9577
24.98	11.9635
24.9813	11.9701
24.9825	11.9759
24.9836	11.9818
24.9847	11.9877
24.9858	11.9932
24.9868	11.9988
24.988	12.005
24.9891	12.0109
24.9902	12.0168
24.9912	12.0226
24.9923	12.0285
24.9933	12.034
24.9942	12.0394
24.9953	12.0457
24.9963	12.0516
24.9972	12.0568
24.9983	12.0634
24.9993	12.0693
25.0003	12.0752
25.0013	12.0811
25.0022	12.0868
25.0032	12.0927
25.0041	12.0984
25.0051	12.1046
25.0059	12.1097
25.0069	12.1164
25.0078	12.1223
25.0087	12.1281
25.0095	12.1336
25.0103	12.139
25.0112	12.1451
25.0119	12.1501
25.0128	12.1564
25.0136	12.1622
25.0144	12.168
25.0152	12.1734
25.0159	12.1788
25.0168	12.1848
25.0176	12.1906
25.0183	12.1961
25.0191	12.2022
25.0198	12.2073
25.0206	12.2135
25.0212	12.2187
25.022	12.2249
25.0227	12.2301
25.0235	12.2364
25.0241	12.2412
25.0247	12.247
25.0255	12.2535
25.0262	12.2593
25.0269	12.265
25.0275	12.2707
25.0281	12.2762
25.0287	12.2817
25.0294	12.2879
25.03	12.2934
25.0306	12.2995
25.0311	12.3052
25.0316	12.3105
25.0322	12.3167
25.0327	12.3222
25.0333	12.3283
25.0337	12.3333
25.0343	12.3398
25.0348	12.3456
25.0353	12.3515
25.0357	12.3573
25.0362	12.3632
25.0367	12.3688
25.0371	12.3741
25.0376	12.3804
25.0379	12.3861
25.0384	12.3919
25.0387	12.3974
25.0391	12.4029
25.0395	12.4091
25.0398	12.4143
25.0402	12.4208
25.0406	12.4259
25.041	12.4325
25.0413	12.4384
25.0416	12.4441
25.0419	12.4498
25.0422	12.4558
25.0425	12.4613
25.0428	12.4665
25.0431	12.473
25.0433	12.4781
25.0436	12.4847
25.0438	12.4898
25.0441	12.4963
25.0443	12.5019
25.0445	12.507
25.0448	12.5137
25.045	12.5195
25.0452	12.5246
25.0453	12.5311
25.0455	12.5369
25.0457	12.5426
25.0459	12.5485
25.046	12.554
25.0461	12.5602
25.0462	12.5654
25.0464	12.5721
25.0465	12.578
25.0466	12.5835
25.0466	12.5889
25.0468	12.5952
25.0468	12.6003
25.0469	12.6062
25.047	12.6128
25.047	12.6186
25.047	12.6245
25.0471	12.6303
25.0471	12.6362
25.0472	12.6421
25.0472	12.6476
25.0471	12.6531
25.0471	12.6593
25.0471	12.6653
25.0471	12.6711
25.0471	12.6768
25.047	12.6823
25.0469	12.6887
25.0469	12.6945
25.0468	12.7015
25.0467	12.708
25.0466	12.7147
25.0465	12.7214
25.0464	12.7283
25.0462	12.735
25.046	12.7419
25.0459	12.7485
25.0457	12.7554
25.0456	12.7623
25.0454	12.7691
25.0452	12.7758
25.0449	12.782
25.0447	12.7894
25.0445	12.7958
25.0443	12.8031
25.044	12.8093
25.0437	12.817
25.0434	12.823
25.0431	12.8303
25.0428	12.8375
25.0425	12.8443
25.0422	12.8507
25.0419	12.8572
25.0415	12.8641
25.0412	12.8703
25.0408	12.8771
25.0404	12.8837
25.0401	12.8901
25.0397	12.8968
25.0393	12.9033
25.0389	12.9093
25.0384	12.9167
25.038	12.9236
25.0376	12.9304
25.0372	12.9372
25.0367	12.944
25.0362	12.9504
25.0358	12.9572
25.0353	12.964
25.0348	12.9707
25.0343	12.9775
25.0338	12.9842
25.0333	12.9906
25.0328	12.9971
25.0323	13.0033
25.0318	13.0095
25.0313	13.0159
25.0307	13.0224
25.0303	13.0283
25.0297	13.0354
25.029	13.0419
25.0285	13.0487
25.0279	13.0555
25.0273	13.0619
25.0267	13.0687
25.0262	13.0746
25.0255	13.081
25.0249	13.0884
25.0243	13.095
25.0237	13.1011
25.023	13.1071
25.0224	13.1136
25.0218	13.1202
25.0211	13.1267
25.0205	13.1333
25.0198	13.1399
25.0191	13.1462
25.0185	13.1529
25.0178	13.16
25.0171	13.1663
25.0164	13.1729
25.0157	13.1795
25.015	13.1862
25.0143	13.1927
25.0136	13.1992
25.0128	13.2056
25.0121	13.212
25.0114	13.2182
25.0107	13.2245
25.01	13.2307
25.0093	13.2368
25.0086	13.2429
25.0079	13.2488
25.0072	13.2552
25.0064	13.2615
25.0056	13.268
25.0048	13.2745
25.0041	13.2812
25.0033	13.2878
25.0025	13.2944
25.0017	13.3008
25.0009	13.3072
25.0001	13.3136
24.9994	13.3198
24.9986	13.3261
24.9978	13.3324
24.997	13.3386
24.9962	13.3449
24.9954	13.3511
24.9947	13.3573
24.9939	13.3631
24.9931	13.3694
24.9923	13.3759
24.9914	13.3824
24.9906	13.3889
24.9898	13.3952
24.9889	13.4017
24.9881	13.408
24.9873	13.4144
24.9865	13.4208
24.9856	13.427
24.9848	13.4333
24.984	13.4394
24.9832	13.4456
24.9823	13.4518
24.9815	13.4579
24.9806	13.4642
24.9798	13.4705
24.979	13.4768
24.9781	13.4831
24.9773	13.489
24.9764	13.4955
24.9756	13.5016
24.9747	13.508
24.9738	13.5144
24.9729	13.5207
24.9721	13.5271
24.9712	13.5335
24.9704	13.5397
24.9695	13.546
24.9685	13.5525
24.9677	13.5589
24.9669	13.5648
24.966	13.5711
24.9651	13.5774
24.9642	13.5838
24.9634	13.5897
24.9625	13.5961
24.9616	13.6025
24.9607	13.6088
24.9598	13.6151
24.9589	13.6215
24.9581	13.6278
24.9572	13.6341
24.9563	13.6402
24.9554	13.6466
24.9545	13.653
24.9536	13.6593
24.9527	13.6655
24.9518	13.6719
24.9509	13.6783
24.95	13.6845
24.9491	13.691
24.9483	13.697
24.9474	13.7033
24.9464	13.7097
24.9456	13.7161
24.9447	13.7224
24.9438	13.7288
24.9429	13.7351
24.942	13.7415
24.9411	13.7477
24.9402	13.7541
24.9393	13.7603
24.9384	13.7667
24.9374	13.7732
24.9365	13.7796
24.9357	13.7857
24.9348	13.7921
24.9339	13.7985
24.9329	13.8049
24.932	13.8112
24.9311	13.8176
24.9302	13.824
24.9293	13.8304
24.9284	13.8366
24.9275	13.843
24.9266	13.8495
24.9257	13.8559
24.9248	13.8621
24.9239	13.8685
24.923	13.8749
24.9221	13.8814
24.9212	13.8876
24.9203	13.8938
24.9193	13.9002
24.9184	13.9066
24.9175	13.9129
24.9167	13.9193
24.9157	13.9257
24.9148	13.9322
24.9139	13.9384
24.913	13.9448
24.9121	13.9513
24.9112	13.9575
