14.0278	13.0877
14.0277	13.0877
14.027	13.0876
14.0261	13.0875
14.0252	13.0872
14.0234	13.087
14.0209	13.0866
14.0185	13.0862
14.0155	13.0857
14.0113	13.0852
14.0069	13.0846
14.0012	13.0839
13.9948	13.0832
13.9883	13.0825
13.9815	13.0818
13.9735	13.0811
13.9649	13.0803
13.957	13.0796
13.9479	13.0788
13.9389	13.078
13.9296	13.0772
13.9206	13.0764
13.911	13.0755
13.9023	13.0746
13.8933	13.0738
13.8839	13.0728
13.875	13.0719
13.8656	13.0709
13.8568	13.0699
13.8475	13.0689
13.838	13.0678
13.8293	13.0668
13.8206	13.0657
13.8116	13.0646
13.803	13.0635
13.7937	13.0622
13.7852	13.0611
13.7763	13.0598
13.7674	13.0586
13.7582	13.0572
13.7491	13.0559
13.7407	13.0546
13.7315	13.0531
13.7235	13.0518
13.7151	13.0504
13.7061	13.0489
13.6978	13.0474
13.6888	13.0459
13.6801	13.0443
13.6721	13.0428
13.6632	13.0411
13.6546	13.0394
13.6467	13.0378
13.6383	13.036
13.6302	13.0343
13.6214	13.0325
13.6134	13.0307
13.6049	13.0288
13.5966	13.0268
13.5889	13.025
13.5804	13.023
13.5725	13.021
13.5641	13.0189
13.5566	13.0169
13.5489	13.0149
13.5406	13.0126
13.5329	13.0105
13.5246	13.0081
13.5165	13.0058
13.509	13.0036
13.5008	13.0011
13.4933	12.9988
13.4852	12.9963
13.4781	12.994
13.4708	12.9916
13.4629	12.9889
13.4556	12.9864
13.4477	12.9836
13.4399	12.9808
13.433	12.9783
13.4259	12.9756
13.4181	12.9726
13.4107	12.9697
13.4037	12.967
13.3967	12.9641
13.3891	12.9609
13.382	12.958
13.3744	12.9547
13.3672	12.9515
13.3602	12.9484
13.3526	12.9449
13.3456	12.9417
13.338	12.9381
13.3313	12.9349
13.3242	12.9314
13.3167	12.9278
13.3092	12.9239
13.3019	12.9202
13.295	12.9166
13.2874	12.9126
13.2797	12.9085
13.2724	12.9045
13.2644	12.9002
13.2573	12.8962
13.2497	12.892
13.2415	12.8874
13.2339	12.883
13.2246	12.8777
13.2175	12.8736
13.209	12.8687
13.2001	12.8636
13.192	12.8588
13.1832	12.8537
13.1752	12.8491
13.1671	12.8444
13.1595	12.84
13.1513	12.8354
13.1439	12.8311
13.1362	12.8268
13.129	12.8228
13.1212	12.8185
13.1141	12.8146
13.1064	12.8105
13.0993	12.8067
13.0918	12.8027
13.0847	12.7988
13.0777	12.7953
13.0703	12.7915
13.0628	12.7878
13.0562	12.7846
13.0487	12.781
13.0418	12.7778
13.0341	12.7742
13.0268	12.7708
13.0193	12.7674
13.012	12.7642
13.004	12.7607
12.9966	12.7576
12.9888	12.7543
12.9811	12.7511
12.973	12.7478
12.9653	12.7447
12.9569	12.7414
12.9492	12.7383
12.9407	12.7351
12.9332	12.7322
12.9252	12.7292
12.9166	12.726
12.9078	12.7228
12.9001	12.72
12.892	12.7171
12.8827	12.7139
12.8751	12.7112
12.8664	12.7082
12.8578	12.7053
12.8495	12.7025
12.8404	12.6994
12.832	12.6967
12.8229	12.6937
12.8149	12.6911
12.8065	12.6884
12.7974	12.6855
12.7881	12.6826
12.7796	12.6799
12.7706	12.6771
12.762	12.6745
12.7534	12.6718
12.744	12.669
12.7349	12.6662
12.726	12.6636
12.7169	12.6609
12.7082	12.6583
12.6988	12.6556
12.6902	12.6531
12.6806	12.6503
12.6722	12.6479
12.6634	12.6454
12.6538	12.6427
12.6431	12.6397
12.6357	12.6376
12.6268	12.6352
12.6172	12.6325
12.6076	12.6298
12.5987	12.6274
12.589	12.6247
12.58	12.6223
12.5714	12.62
12.5617	12.6174
12.5523	12.6149
12.5433	12.6125
12.5335	12.6099
12.5243	12.6075
12.5152	12.6051
12.5053	12.6025
12.4956	12.5999
12.487	12.5978
12.4772	12.5952
12.4681	12.5928
12.4581	12.5903
12.4493	12.588
12.4401	12.5856
12.4303	12.5831
12.4203	12.5805
12.4111	12.5781
12.4011	12.5756
12.3922	12.5733
12.3829	12.5709
12.3729	12.5682
12.3629	12.5657
12.3541	12.5636
12.3441	12.5611
12.3348	12.5587
12.3247	12.5561
12.3155	12.5538
12.3055	12.5512
12.2966	12.549
12.2869	12.5465
12.2771	12.544
12.267	12.5415
12.2579	12.5391
12.2481	12.5367
12.2389	12.5343
12.2288	12.5318
12.2196	12.5294
12.2096	12.5268
12.2003	12.5244
12.1907	12.522
12.1815	12.5196
12.1716	12.517
12.1624	12.5146
12.1528	12.5121
12.1435	12.5096
12.1335	12.507
12.1243	12.5046
12.1149	12.5021
12.1055	12.4996
12.0969	12.4973
12.087	12.4947
12.0772	12.4921
12.0668	12.4893
12.0592	12.4873
12.0498	12.4848
12.0408	12.4824
12.031	12.4797
12.0212	12.4771
12.0122	12.4746
12.0028	12.4721
11.9938	12.4696
11.984	12.4669
11.9757	12.4645
11.9669	12.4621
11.9574	12.4594
11.9484	12.4569
11.9386	12.4542
11.9288	12.4514
11.9202	12.449
11.9104	12.4462
11.9016	12.4439
11.8918	12.4411
11.8829	12.4386
11.8735	12.4359
11.8644	12.4333
11.8547	12.4305
11.8457	12.4279
11.8359	12.4251
11.8269	12.4225
11.8175	12.4197
11.8084	12.417
11.7987	12.4142
11.79	12.4116
11.7802	12.4087
11.7711	12.406
11.7612	12.403
11.7521	12.4003
11.7425	12.3974
11.7331	12.3946
11.7238	12.3918
11.7148	12.3891
11.705	12.3862
11.696	12.3834
11.6862	12.3805
11.6771	12.3777
11.6672	12.3747
11.658	12.3719
11.6481	12.3689
11.639	12.3662
11.629	12.3631
11.6203	12.3604
11.6104	12.3574
11.6014	12.3547
11.5917	12.3517
11.5826	12.3489
11.5727	12.3458
11.5634	12.343
11.5534	12.3399
11.5442	12.337
11.5346	12.3341
11.5254	12.3313
11.5154	12.3282
11.5065	12.3255
11.4957	12.3221
11.4872	12.3195
11.478	12.3167
11.468	12.3136
11.458	12.3105
11.4489	12.3077
11.4391	12.3047
11.4301	12.3019
11.4204	12.299
11.4113	12.2961
11.4005	12.2928
11.3925	12.2904
11.3833	12.2876
11.3733	12.2845
11.3633	12.2815
11.3544	12.2788
11.3448	12.2758
11.3358	12.2731
11.3261	12.2701
11.317	12.2674
11.307	12.2643
11.2979	12.2616
11.2884	12.2587
11.2795	12.2561
11.2698	12.2532
11.2609	12.2505
11.2511	12.2476
11.2422	12.2449
11.2326	12.242
11.2235	12.2393
11.2145	12.2366
11.2048	12.2337
11.195	12.2308
11.1859	12.2281
11.1761	12.2253
11.1673	12.2227
11.1576	12.2198
11.1488	12.2172
11.1391	12.2144
11.1304	12.2119
11.1208	12.2091
11.1117	12.2065
11.1024	12.2038
11.093	12.2011
11.0833	12.1983
11.0744	12.1958
11.0646	12.1931
11.0556	12.1905
11.0463	12.1879
11.0373	12.1853
11.0275	12.1826
11.0186	12.1801
11.0088	12.1774
10.9998	12.175
10.99	12.1723
10.9811	12.1698
10.9714	12.1672
10.9627	12.1648
10.9531	12.1622
10.9444	12.1599
10.9348	12.1573
10.9249	12.1546
10.9165	12.1524
10.9067	12.1498
10.8969	12.1472
10.888	12.1449
10.8781	12.1423
10.8688	12.1398
10.8593	12.1373
10.8502	12.1349
10.8403	12.1324
10.8305	12.1298
10.8214	12.1274
10.8122	12.1251
10.8022	12.1225
10.7932	12.1202
10.7829	12.1175
10.774	12.1153
10.7642	12.1127
10.7549	12.1104
10.7448	12.1078
10.7357	12.1054
10.7256	12.1028
10.7162	12.1005
10.7063	12.0979
10.697	12.0955
10.6869	12.093
10.6776	12.0906
10.6679	12.0881
10.6587	12.0857
10.6487	12.0831
10.6397	12.0808
10.6295	12.0782
10.6203	12.0758
10.6102	12.0732
10.6009	12.0708
10.5911	12.0682
10.5821	12.0659
10.5725	12.0634
10.5634	12.0611
10.5534	12.0585
10.5442	12.0561
10.5345	12.0535
10.5255	12.0511
10.5157	12.0485
10.5067	12.0462
10.4969	12.0435
10.4878	12.0411
10.4781	12.0385
10.4691	12.0361
10.4595	12.0336
10.4506	12.0311
10.4411	12.0285
10.4322	12.026
10.4225	12.0233
10.4137	12.0209
10.404	12.0183
10.3952	12.0158
10.3859	12.0132
10.3771	12.0107
10.3676	12.008
10.3589	12.0056
10.3493	12.0028
10.3407	12.0004
10.3309	11.9975
10.3221	11.995
10.3128	11.9923
10.3043	11.9898
10.2951	11.987
10.2862	11.9844
10.277	11.9816
10.2683	11.979
10.2579	11.9758
10.2506	11.9735
10.2413	11.9706
10.2328	11.968
10.2235	11.965
10.2151	11.9624
10.2059	11.9594
10.1977	11.9567
10.1887	11.9538
10.1805	11.9511
10.1721	11.9483
10.163	11.9452
10.154	11.9421
10.1458	11.9393
10.137	11.9363
10.1287	11.9334
10.1203	11.9304
10.1122	11.9276
10.1035	11.9244
10.0955	11.9215
10.0871	11.9184
10.0793	11.9155
10.0707	11.9123
10.0631	11.9093
10.0545	11.906
10.0467	11.903
10.0386	11.8998
10.031	11.8967
10.0227	11.8932
10.0154	11.8901
10.0073	11.8867
9.99982	11.8835
9.99172	11.8801
9.98426	11.8769
9.97636	11.8734
9.96921	11.8702
9.96139	11.8667
9.9542	11.8633
9.94647	11.8597
9.93958	11.8565
9.93201	11.8528
9.92515	11.8494
9.91765	11.8457
9.91078	11.8422
9.90337	11.8384
9.89657	11.8348
9.88955	11.8311
9.88285	11.8275
9.87565	11.8235
9.86902	11.8198
9.86189	11.8157
9.85559	11.8121
9.84851	11.8079
9.84214	11.8041
9.83535	11.8
9.82911	11.7961
9.82251	11.792
9.81635	11.7881
9.80965	11.7837
9.80378	11.7798
9.79733	11.7755
9.79062	11.771
9.78525	11.7672
9.77955	11.7632
9.77354	11.7589
9.76799	11.7549
9.76228	11.7507
9.75694	11.7466
9.75114	11.7422
9.74587	11.7381
9.74039	11.7338
9.73534	11.7298
9.73009	11.7255
9.72483	11.7212
9.71942	11.7166
9.71447	11.7124
9.70934	11.708
9.70443	11.7037
9.69917	11.699
9.69445	11.6946
9.68926	11.6899
9.68483	11.6856
9.67978	11.6807
9.67509	11.6762
9.6702	11.6711
9.66554	11.6665
9.66064	11.6617
9.65593	11.6569
9.65081	11.6517
9.6461	11.6467
9.64095	11.6413
9.63648	11.6365
9.63136	11.6309
9.62663	11.6257
9.62148	11.6199
9.61677	11.6144
9.61165	11.6083
9.60709	11.6029
9.602	11.5967
9.59733	11.5909
9.59223	11.5846
9.58778	11.5789
9.58266	11.5724
9.57802	11.5665
9.57303	11.5599
9.56845	11.5539
9.56371	11.5475
9.55921	11.5414
9.55433	11.5346
9.54984	11.5284
9.5449	11.5214
9.54049	11.5151
9.53549	11.5078
9.53126	11.5014
9.52647	11.4942
9.52208	11.4874
9.51748	11.4803
9.51304	11.4735
9.5082	11.4659
9.50377	11.459
9.49894	11.4513
9.49458	11.4443
9.48945	11.4361
9.48537	11.4294
9.48054	11.4214
9.47607	11.414
9.47121	11.4059
9.46698	11.3987
9.46217	11.3905
9.45772	11.3829
9.45292	11.3746
9.44857	11.3671
9.44323	11.3578
9.43932	11.3509
9.43439	11.3422
9.42986	11.3342
9.42496	11.3255
9.42064	11.3177
9.41613	11.3097
9.41125	11.3009
9.4064	11.2922
9.40204	11.2843
9.39723	11.2756
9.3927	11.2673
9.38779	11.2584
9.3833	11.2501
9.37839	11.2411
9.37404	11.2331
9.36912	11.2241
9.36462	11.2158
9.35973	11.2068
9.35537	11.1987
9.35061	11.1899
9.34609	11.1816
9.34115	11.1725
9.33659	11.164
9.33167	11.1549
9.32734	11.1468
9.32241	11.1377
9.31787	11.1293
9.31292	11.1201
9.30836	11.1117
9.30351	11.1028
9.29908	11.0945
9.29418	11.0855
9.28964	11.0771
9.2849	11.0683
9.28039	11.06
9.27549	11.051
9.27099	11.0427
9.26608	11.0336
9.26168	11.0255
9.2569	11.0167
9.25243	11.0085
9.24753	10.9996
9.24303	10.9913
9.23814	10.9824
9.23357	10.9741
9.2288	10.9655
9.22423	10.9573
9.21931	10.9485
9.21488	10.9405
9.21006	10.9319
9.20513	10.9231
9.20056	10.9149
9.19599	10.9068
9.19122	10.8984
9.18664	10.8902
9.18164	10.8814
9.17699	10.8732
9.17199	10.8645
9.16741	10.8565
9.16265	10.8482
9.15748	10.8392
9.15343	10.8322
9.14839	10.8236
9.14333	10.8149
9.13887	10.8072
9.13383	10.7986
9.12918	10.7907
9.12415	10.7822
9.11967	10.7746
9.11461	10.7661
9.10992	10.7583
9.10484	10.7498
9.10014	10.742
9.09506	10.7335
9.09046	10.726
9.08543	10.7177
9.08068	10.7099
9.07554	10.7016
9.07088	10.694
9.06564	10.6855
9.06111	10.6782
9.05596	10.67
9.05117	10.6623
9.04595	10.6541
9.04113	10.6465
9.03598	10.6384
9.03122	10.631
9.02596	10.6228
9.02111	10.6153
9.01591	10.6073
9.01108	10.5999
9.00569	10.5917
9.00069	10.5841
8.99525	10.5759
8.9904	10.5687
8.98488	10.5604
8.97963	10.5526
8.97413	10.5443
8.96901	10.5368
8.96329	10.5283
8.95841	10.5211
8.95287	10.5129
8.94776	10.5053
8.94224	10.4972
8.9369	10.4894
8.93136	10.4812
8.92604	10.4734
8.92027	10.465
8.91515	10.4576
8.90915	10.4489
8.90404	10.4415
8.89825	10.4331
8.89294	10.4254
8.88717	10.417
8.88204	10.4095
8.87676	10.4019
8.87434	10.3984
8.87439	10.3986
8.87442	10.3988
8.87445	10.399
8.87448	10.3991
8.8745	10.3992
8.87452	10.3994
8.87456	10.3996
8.87459	10.3997
8.87463	10.3999
8.87466	10.4
8.87469	10.4002
8.87473	10.4003
8.87475	10.4004
8.87478	10.4006
8.87482	10.4007
8.87486	10.4009
8.8749	10.401
8.87494	10.4012
8.87498	10.4013
8.87502	10.4015
8.87504	10.4015
8.87508	10.4017
8.87512	10.4018
8.87517	10.402
8.87521	10.4021
8.87525	10.4023
8.8753	10.4024
8.87533	10.4025
8.87534	10.4026
8.87539	10.4027
8.87543	10.4029
8.87548	10.403
8.87552	10.4031
8.87557	10.4033
8.87561	10.4034
8.87565	10.4035
8.87567	10.4036
8.87571	10.4037
8.87576	10.4038
8.8758	10.404
8.87585	10.4041
8.8759	10.4042
8.87594	10.4043
8.87599	10.4045
8.87602	10.4045
8.87607	10.4046
8.87611	10.4048
8.87616	10.4049
8.87621	10.405
8.87626	10.4051
8.87631	10.4052
8.87636	10.4053
8.87638	10.4054
8.87643	10.4055
8.87648	10.4056
8.87653	10.4057
8.87658	10.4059
8.87663	10.406
8.87668	10.4061
8.87673	10.4062
8.87676	10.4062
8.87681	10.4063
8.87686	10.4065
8.87691	10.4066
8.87696	10.4067
8.87701	10.4068
8.87706	10.4069
8.87711	10.407
8.87714	10.407
8.87719	10.4071
8.87724	10.4072
8.87729	10.4073
8.87734	10.4074
8.87739	10.4075
8.87745	10.4077
8.87747	10.4077
8.87752	10.4078
8.87757	10.4079
8.87763	10.408
8.87768	10.4081
8.87773	10.4082
8.87778	10.4083
8.87783	10.4084
8.87789	10.4085
8.87791	10.4085
8.87796	10.4086
8.87802	10.4087
8.87808	10.4088
8.87814	10.4089
8.8782	10.409
8.87826	10.4091
8.87832	10.4092
8.87835	10.4092
8.87841	10.4093
8.87848	10.4094
8.87854	10.4095
8.8786	10.4096
8.87866	10.4097
8.87872	10.4097
8.87875	10.4098
8.87881	10.4099
8.87888	10.41
8.87894	10.4101
8.879	10.4101
8.87906	10.4102
8.87912	10.4103
8.87919	10.4104
8.87922	10.4104
8.87928	10.4105
8.87934	10.4106
8.8794	10.4107
8.87947	10.4108
8.87953	10.4109
8.87959	10.4109
8.87965	10.411
8.87968	10.4111
8.87975	10.4111
