13.0241	12.9783
13.0242	12.9784
13.0245	12.9784
13.0249	12.9782
13.0255	12.978
13.0262	12.9778
13.027	12.9773
13.028	12.9767
13.0291	12.9759
13.0304	12.975
13.0321	12.9739
13.0338	12.9726
13.0357	12.9711
13.038	12.9693
13.0403	12.9674
13.0432	12.9651
13.046	12.9627
13.0493	12.9599
13.0528	12.9567
13.0564	12.9534
13.0604	12.95
13.0641	12.9465
13.0682	12.9427
13.0725	12.9387
13.0767	12.9346
13.0811	12.9307
13.0854	12.9266
13.0897	12.9225
13.094	12.9183
13.0983	12.9141
13.1027	12.91
13.1067	12.9061
13.1108	12.9018
13.1149	12.8976
13.119	12.8934
13.1229	12.8893
13.127	12.885
13.1308	12.8811
13.1354	12.8763
13.139	12.8726
13.1433	12.8685
13.1474	12.8643
13.1516	12.8601
13.1557	12.8559
13.1596	12.8517
13.1635	12.8476
13.1673	12.8437
13.1715	12.8394
13.1754	12.8354
13.1794	12.8311
13.1835	12.827
13.1875	12.8228
13.1913	12.8188
13.1952	12.8147
13.199	12.8104
13.203	12.8063
13.2069	12.8021
13.2108	12.7979
13.2146	12.7938
13.2184	12.7897
13.2222	12.7856
13.2259	12.7816
13.2296	12.7775
13.2333	12.7733
13.2371	12.7692
13.2409	12.765
13.2445	12.7608
13.2482	12.7566
13.2516	12.7527
13.2555	12.7482
13.2589	12.7444
13.2625	12.7402
13.2662	12.736
13.2696	12.7319
13.2731	12.7277
13.2766	12.7237
13.28	12.7196
13.2834	12.7155
13.2866	12.7115
13.2898	12.7075
13.2931	12.7035
13.2964	12.6994
13.2996	12.6954
13.3029	12.6913
13.306	12.6871
13.3091	12.6834
13.3123	12.6791
13.3154	12.6752
13.3185	12.671
13.3215	12.6671
13.3245	12.6631
13.3275	12.6591
13.3302	12.6553
13.3332	12.6513
13.3358	12.6477
13.3383	12.6441
13.3409	12.6405
13.3434	12.6369
13.3457	12.6336
13.348	12.6302
13.3501	12.6272
13.3522	12.6241
13.3544	12.6208
13.3563	12.6179
13.3583	12.6147
13.3604	12.6117
13.3623	12.6086
13.3642	12.6055
13.366	12.6026
13.3679	12.5996
13.3697	12.5966
13.3715	12.5936
13.3733	12.5906
13.375	12.5877
13.3767	12.5847
13.3784	12.5819
13.3801	12.5789
13.3817	12.576
13.3833	12.5731
13.3848	12.5701
13.3864	12.5673
13.3879	12.5644
13.3894	12.5615
13.3909	12.5586
13.3922	12.5559
13.3936	12.5532
13.395	12.5503
13.3963	12.5475
13.3976	12.5447
13.3989	12.5419
13.4002	12.5391
13.4014	12.5365
13.4026	12.5338
13.4038	12.531
13.4049	12.5283
13.406	12.5256
13.4071	12.5229
13.4082	12.5202
13.4093	12.5175
13.4103	12.5148
13.4113	12.5123
13.4123	12.5096
13.4132	12.507
13.4141	12.5043
13.415	12.5017
13.416	12.4991
13.4168	12.4965
13.4176	12.4941
13.4183	12.4914
13.419	12.4889
13.4198	12.4863
13.4205	12.4838
13.4212	12.4813
13.4219	12.4785
13.4225	12.4761
13.4232	12.4736
13.4238	12.4712
13.4243	12.4686
13.4249	12.4661
13.4254	12.4635
13.426	12.461
13.4263	12.4585
13.4267	12.4561
13.427	12.4535
13.4272	12.4509
13.4274	12.4483
13.4278	12.4457
13.4279	12.4431
13.4283	12.4406
13.4284	12.438
13.4286	12.4354
13.4289	12.433
13.4291	12.4304
13.4293	12.4278
13.4295	12.4251
13.4297	12.4224
13.4298	12.4197
13.4299	12.417
13.43	12.4142
13.4301	12.4116
13.4302	12.4089
13.4302	12.4061
13.4302	12.4032
13.4302	12.4004
13.4302	12.3974
13.4302	12.3944
13.4301	12.3913
13.43	12.3884
13.4299	12.3852
13.4297	12.3818
13.4296	12.3784
13.4294	12.3749
13.4292	12.3711
13.4289	12.3671
13.4286	12.3626
13.4282	12.358
13.4278	12.353
13.4274	12.3478
13.4269	12.3424
13.4264	12.3368
13.4259	12.3312
13.4253	12.3256
13.4249	12.3204
13.4244	12.3156
13.424	12.3109
13.4236	12.3064
13.4232	12.302
13.4228	12.2978
13.4225	12.2938
13.4222	12.29
13.4219	12.2863
13.4216	12.2826
13.4214	12.2793
13.4212	12.2758
13.421	12.2724
13.4208	12.269
13.4207	12.2656
13.4205	12.2624
13.4204	12.2594
13.4203	12.2566
13.4203	12.2535
13.4202	12.2507
13.4202	12.2478
13.4202	12.2451
13.4202	12.2424
13.4203	12.2398
13.4203	12.2369
13.4204	12.2342
13.4205	12.2317
13.4207	12.229
13.4208	12.2263
13.421	12.2237
13.4212	12.2211
13.4214	12.2184
13.4216	12.2158
13.4219	12.2132
13.4222	12.2107
13.4225	12.208
13.4228	12.2053
13.4232	12.2026
13.4236	12.1997
13.424	12.1968
13.4245	12.1939
13.4249	12.1912
13.4255	12.1882
13.426	12.1852
13.4266	12.182
13.4272	12.179
13.4278	12.1759
13.4285	12.1726
13.4292	12.1696
13.4299	12.1664
13.4306	12.1635
13.4314	12.1603
13.4322	12.157
13.4331	12.1538
13.434	12.15
13.4345	12.1471
13.4351	12.1439
13.4358	12.1403
13.4362	12.137
13.4369	12.1335
13.438	12.1301
13.4387	12.1265
13.4396	12.1229
13.4407	12.1194
13.4418	12.1158
13.443	12.1122
13.4442	12.1084
13.4453	12.1044
13.4466	12.1004
13.4483	12.0956
13.4498	12.0912
13.4513	12.0871
13.4529	12.0826
13.4547	12.0778
13.4563	12.0733
13.4584	12.0679
13.46	12.0637
13.4619	12.0588
13.4638	12.054
13.4657	12.0492
13.4675	12.0447
13.4696	12.0397
13.4715	12.0351
13.4735	12.0302
13.4756	12.0253
13.4776	12.0203
13.4801	12.0147
13.482	12.0103
13.484	12.0055
13.4866	11.9998
13.4886	11.9953
13.4911	11.9896
13.4935	11.9845
13.4955	11.98
13.4979	11.9749
13.5003	11.9697
13.5025	11.9649
13.505	11.9596
13.5074	11.9547
13.5098	11.9496
13.5123	11.9444
13.5148	11.9393
13.5176	11.9334
13.5202	11.9282
13.5223	11.924
13.5253	11.9179
13.5275	11.9136
13.5306	11.9075
13.5328	11.9031
13.5358	11.8973
13.5381	11.8927
13.5408	11.8876
13.5436	11.8822
13.5462	11.8773
13.5489	11.872
13.5517	11.8667
13.5545	11.8614
13.5573	11.8561
13.5605	11.8502
13.5634	11.8448
13.5657	11.8404
13.5686	11.8351
13.5714	11.8299
13.5746	11.824
13.5776	11.8187
13.5801	11.814
13.5831	11.8086
13.5859	11.8034
13.5889	11.7981
13.5918	11.7928
13.5947	11.7877
13.5976	11.7824
13.6006	11.7771
13.6036	11.7718
13.6069	11.7659
13.61	11.7604
13.613	11.755
13.6157	11.7503
13.6187	11.745
13.6218	11.7396
13.6249	11.7342
13.628	11.7288
13.631	11.7236
13.6345	11.7175
13.6367	11.7126
13.639	11.7073
13.642	11.702
13.6452	11.6966
13.6483	11.6912
13.6515	11.6857
13.6549	11.6798
13.6582	11.6741
13.6609	11.6695
13.6644	11.6635
13.6676	11.658
13.6704	11.6532
13.674	11.647
13.6773	11.6415
13.68	11.6367
13.683	11.6313
13.6862	11.6257
13.6894	11.6202
13.6925	11.6148
13.6947	11.6093
13.6983	11.6032
13.7014	11.5977
13.7046	11.5922
13.7076	11.5869
13.7105	11.5821
13.7136	11.5767
13.7172	11.5706
13.7205	11.5651
13.7233	11.5603
13.7268	11.5542
13.7294	11.5497
13.7325	11.5443
13.7356	11.5389
13.7386	11.5336
13.7407	11.5281
13.7438	11.5229
13.7469	11.5175
13.7499	11.5121
13.753	11.5067
13.7563	11.5008
13.7594	11.4955
13.762	11.4908
13.765	11.4856
13.7684	11.4796
13.7714	11.4742
13.774	11.4696
13.777	11.4643
13.7802	11.4585
13.7829	11.4537
13.7856	11.4488
13.7889	11.443
13.7914	11.4385
13.7942	11.4333
13.7975	11.4275
13.8002	11.4225
13.8027	11.4178
13.8055	11.4128
13.8083	11.4078
13.8116	11.402
13.8144	11.397
13.8171	11.3919
13.8198	11.3867
13.8225	11.3816
13.8252	11.3766
13.8275	11.3725
13.8304	11.3669
13.8327	11.3625
13.8353	11.3574
13.8379	11.3524
13.8406	11.3475
13.8435	11.3418
13.8461	11.3367
13.8486	11.3318
13.8511	11.3268
13.8533	11.3226
13.8562	11.3169
13.8587	11.3118
13.8611	11.3069
13.8637	11.3016
13.8659	11.2972
13.8683	11.2924
13.8707	11.2874
13.8735	11.2817
13.8756	11.2773
13.8779	11.2723
13.8805	11.2668
13.8826	11.2624
13.8852	11.2567
13.8875	11.2516
13.8899	11.2465
13.8918	11.2421
13.8945	11.2364
13.8968	11.2313
13.899	11.2263
13.9012	11.2213
13.9034	11.2162
13.9056	11.211
13.9075	11.2067
13.9098	11.2017
13.912	11.1966
13.9141	11.1914
13.9162	11.1865
13.9184	11.1811
13.9207	11.1754
13.9225	11.1709
13.9248	11.1652
13.9269	11.16
13.9289	11.1548
13.9309	11.1497
13.9329	11.1444
13.9349	11.1391
13.937	11.1338
13.9388	11.1292
13.941	11.1233
13.943	11.118
13.9446	11.1133
13.9466	11.108
13.9488	11.1022
13.9505	11.0974
13.9526	11.0914
13.9546	11.086
13.9564	11.0808
13.9583	11.0754
13.9603	11.0699
13.9621	11.0644
13.964	11.0589
13.9659	11.0535
13.9678	11.048
13.9697	11.0423
13.9713	11.0374
13.9734	11.0312
13.975	11.0262
13.9769	11.0207
13.9788	11.0149
13.9806	11.0091
13.9828	11.0026
13.9847	10.9968
13.9866	10.9911
13.9882	10.986
13.9903	10.9794
13.9922	10.9735
13.9942	10.9675
13.996	10.9616
13.998	10.9555
13.9998	10.9497
14.0018	10.9436
14.0038	10.9375
14.0055	10.9323
14.0074	10.9263
14.0095	10.9199
14.011	10.9148
14.0129	10.909
14.015	10.9026
14.0168	10.8971
14.0186	10.8915
14.0205	10.8859
14.0223	10.8803
14.0242	10.8747
14.026	10.8693
14.0278	10.8638
14.0296	10.8585
14.0315	10.8529
14.0333	10.8477
14.0349	10.843
14.0368	10.8376
14.0385	10.8325
14.0404	10.8272
14.0423	10.8219
14.0442	10.8167
14.0473	10.8105
14.0492	10.8053
14.0512	10.8
14.0529	10.7954
14.0552	10.7894
14.057	10.7844
14.059	10.7791
14.0611	10.7738
14.0631	10.7686
14.0649	10.7639
14.0671	10.7588
14.0694	10.7542
14.0719	10.7484
14.074	10.744
14.0764	10.7387
14.0788	10.7328
14.0811	10.7274
14.0833	10.7222
14.0853	10.7175
14.0879	10.7114
14.0901	10.7061
14.0925	10.7008
14.0949	10.6953
14.0973	10.6898
14.0997	10.6843
14.1021	10.6789
14.1041	10.6743
14.1065	10.6689
14.109	10.6634
14.1118	10.6571
14.1139	10.6524
14.1168	10.6461
14.1193	10.6405
14.1218	10.635
14.124	10.6302
14.1268	10.624
14.1293	10.6184
14.1318	10.613
14.1344	10.6074
14.137	10.6017
14.1394	10.5964
14.142	10.5909
14.1442	10.586
14.1467	10.5806
14.1494	10.5749
14.1519	10.5695
14.1548	10.5632
14.157	10.5584
14.1599	10.5524
14.1621	10.5476
14.1648	10.5418
14.1674	10.5363
14.1698	10.5311
14.1723	10.5258
14.1748	10.5204
14.177	10.5155
14.1798	10.5097
14.1824	10.5044
14.1847	10.4995
14.1872	10.4943
14.1898	10.4888
14.1925	10.4835
14.1954	10.4774
14.198	10.472
14.2005	10.4667
14.2031	10.4614
14.2057	10.456
14.2082	10.4506
14.2106	10.4454
14.2131	10.4401
14.2157	10.4348
14.2182	10.4295
14.2206	10.4244
14.223	10.419
14.2254	10.4139
14.2275	10.4092
14.23	10.404
14.2324	10.3987
14.2351	10.3928
14.2372	10.3882
14.2396	10.3831
14.2422	10.3772
14.2445	10.372
14.2466	10.3672
14.2489	10.3621
14.2511	10.3569
14.2533	10.3517
14.2554	10.3466
14.2576	10.3416
14.2594	10.337
14.2618	10.3312
14.2637	10.3269
14.2658	10.3219
14.2679	10.3168
14.2702	10.3111
14.272	10.3067
14.274	10.3017
14.2762	10.296
14.2782	10.2909
14.28	10.286
14.2818	10.2814
14.2838	10.2759
14.2857	10.271
14.2872	10.2668
14.2892	10.2612
14.2908	10.2569
14.2925	10.2522
14.2942	10.2473
14.2959	10.2423
14.2978	10.2367
14.2995	10.2318
14.3011	10.2269
14.3028	10.2219
14.3044	10.2169
14.3059	10.2123
14.3072	10.2079
14.3088	10.2028
14.3105	10.1972
14.312	10.1922
14.3135	10.1873
14.315	10.1823
14.3162	10.1779
14.3176	10.173
14.319	10.1682
14.3204	10.1631
14.3217	10.1581
14.3231	10.1529
14.3246	10.1474
14.3259	10.1423
14.327	10.1378
14.3285	10.1321
14.3297	10.127
14.3309	10.1221
14.3322	10.1169
14.3333	10.1119
14.3344	10.1075
14.3357	10.1017
14.3367	10.0971
14.3378	10.0919
14.3389	10.0869
14.34	10.0817
14.3411	10.0765
14.3421	10.0715
14.3431	10.0662
14.3442	10.0608
14.3453	10.055
14.3463	10.0497
14.3473	10.0444
14.3482	10.039
14.3491	10.0339
14.35	10.0287
14.3509	10.0233
14.3518	10.018
14.3526	10.0133
14.3534	10.008
14.3542	10.0028
14.355	9.99743
14.3558	9.99206
14.3566	9.98673
14.3575	9.98047
14.3581	9.97604
14.3588	9.97048
14.3597	9.96413
14.3604	9.95844
14.3611	9.95301
14.3617	9.94813
14.3624	9.94197
14.363	9.93659
14.3637	9.93109
14.3642	9.92639
14.3648	9.92056
14.3654	9.91503
14.366	9.90908
14.3667	9.90277
14.3673	9.89718
14.3678	9.89197
14.3684	9.88571
14.3688	9.88062
14.3694	9.87482
14.3699	9.8684
14.3704	9.86304
14.371	9.85597
14.3715	9.84974
14.3721	9.84364
14.3726	9.83748
14.373	9.83209
14.3735	9.82556
14.3741	9.81901
14.3746	9.81245
14.3752	9.8053
14.3756	9.80005
14.3761	9.79389
14.3767	9.78708
14.3772	9.78109
14.3776	9.77612
14.3781	9.7702
14.3787	9.76362
14.3791	9.75852
14.3797	9.75212
14.3803	9.74675
14.3807	9.74193
14.3815	9.73666
14.382	9.73142
14.3826	9.72616
14.3831	9.72109
14.3837	9.71628
14.3842	9.71165
14.3848	9.707
14.3854	9.70282
14.386	9.69968
14.3867	9.69571
14.3874	9.69277
14.388	9.68949
14.3887	9.6864
14.3893	9.6837
14.39	9.68001
14.3908	9.67747
14.3915	9.67433
14.3922	9.67115
14.393	9.66795
14.3937	9.66481
14.3946	9.66169
14.3954	9.65896
14.3962	9.65576
14.3971	9.65239
14.3978	9.6497
14.3989	9.64647
14.3997	9.64335
14.4007	9.64023
14.4014	9.63767
14.4024	9.63399
14.4035	9.63101
14.4043	9.62815
14.4053	9.62509
14.4062	9.62187
14.4072	9.61849
14.4083	9.61481
14.4093	9.61146
14.4103	9.60825
14.4114	9.60488
14.4125	9.6015
14.4135	9.59857
14.4148	9.59476
14.4158	9.59174
14.417	9.58826
14.4184	9.5844
14.4196	9.5812
14.4212	9.57679
14.4225	9.57318
14.4242	9.56887
14.4258	9.56453
14.4277	9.55986
14.4297	9.55469
14.4315	9.55024
14.4338	9.54478
14.4358	9.54
14.4376	9.53557
14.4399	9.53011
14.4418	9.52572
14.4443	9.52011
14.4465	9.51512
14.4487	9.51008
14.4509	9.5051
14.453	9.50052
14.4557	9.49465
14.4579	9.48981
14.4603	9.48456
14.4629	9.47914
14.4654	9.47373
14.4679	9.46828
14.4707	9.46232
14.4734	9.45678
14.4757	9.45196
14.4786	9.44581
14.4811	9.44075
14.484	9.43456
14.4867	9.4291
14.4891	9.42399
14.4922	9.41774
14.4946	9.41269
14.4978	9.40618
14.5002	9.4011
14.5031	9.39533
14.5062	9.38897
14.5087	9.38375
14.5117	9.37759
14.5143	9.37242
14.5174	9.36612
14.5198	9.36108
14.5229	9.3548
14.5254	9.34963
14.5285	9.34341
14.5312	9.3379
14.5339	9.33223
14.5364	9.32714
14.5394	9.32092
14.5419	9.316
14.5446	9.31041
14.5476	9.30425
14.55	9.29931
14.5527	9.29368
14.5555	9.28811
14.5584	9.28203
14.5612	9.27658
14.5635	9.27187
14.5666	9.2657
14.5692	9.26053
14.5718	9.25505
14.5744	9.24988
14.5768	9.24494
14.5797	9.23898
14.5821	9.23416
14.5849	9.22836
14.5873	9.22341
14.59	9.21795
14.5928	9.21197
14.5954	9.20672
14.5977	9.20191
14.6006	9.19597
14.6031	9.19057
14.6057	9.18519
14.6081	9.18009
14.6106	9.17474
14.6131	9.16952
14.6154	9.1647
14.6181	9.15887
14.6202	9.15435
14.623	9.14837
14.6251	9.14375
14.6278	9.13792
14.63	9.13309
14.6327	9.12734
14.6351	9.12215
14.6372	9.11733
14.6399	9.11149
14.642	9.10686
14.6446	9.10101
14.6469	9.09591
14.6492	9.09065
14.6512	9.08607
14.6537	9.08033
14.6558	9.07576
14.6582	9.07005
14.6603	9.06535
14.6626	9.05979
14.6647	9.05504
14.6668	9.05009
14.6693	9.04419
14.6712	9.03962
14.6735	9.03394
14.6754	9.02928
14.6778	9.02358
14.6796	9.01913
14.6819	9.01344
14.6838	9.00867
14.6861	9.00289
14.6882	8.99769
14.69	8.99301
14.6923	8.98711
14.6942	8.98243
14.6965	8.97644
14.6983	8.97147
14.7004	8.96626
14.7025	8.96071
14.7048	8.95439
14.7067	8.94948
14.709	8.94324
14.7109	8.93835
14.7133	8.9318
14.7154	8.92615
14.7175	8.92028
14.7195	8.91509
14.7218	8.9088
14.7237	8.90348
14.726	8.8972
14.728	8.8919
14.7304	8.88541
14.7322	8.88038
14.7344	8.87432
14.7368	8.86796
14.7388	8.8624
14.7407	8.85737
14.743	8.8512
14.7448	8.84617
14.747	8.8403
14.7488	8.83533
14.7511	8.82932
14.7529	8.82466
14.7552	8.81863
14.7572	8.81353
14.7591	8.8088
14.7613	8.80334
14.7631	8.79867
14.7653	8.79324
14.7672	8.78867
14.7695	8.78311
14.7712	8.77882
14.7735	8.77319
14.7755	8.76847
14.7773	8.76425
14.7796	8.75889
14.7814	8.75471
14.7837	8.74952
14.7855	8.74542
14.7878	8.74035
14.7899	8.73575
14.7919	8.73131
14.7938	8.72716
14.7961	8.72248
14.7981	8.71822
14.8001	8.71406
14.8018	8.71061
14.8039	8.70635
14.8059	8.70235
14.8077	8.69882
14.8096	8.69531
14.8113	8.69192
14.8131	8.68857
14.8149	8.68525
14.8166	8.68196
14.8189	8.67875
14.8211	8.67552
14.8233	8.6723
14.8251	8.66914
14.8269	8.66603
14.8287	8.66291
14.8304	8.6599
14.8322	8.65687
14.834	8.6539
14.8358	8.65095
14.8376	8.64813
14.8393	8.64537
14.8412	8.64244
14.843	8.6396
14.8448	8.63677
14.8466	8.63405
14.8484	8.63139
14.8503	8.62862
14.8522	8.62585
14.854	8.62318
14.856	8.62042
14.8579	8.61782
14.8598	8.61518
14.8617	8.61255
14.8636	8.60997
14.8655	8.60752
14.8674	8.60512
14.8693	8.60264
14.8712	8.60012
14.8732	8.59761
14.8752	8.59514
14.8771	8.59297
14.879	8.59055
14.881	8.58817
14.883	8.58581
14.8851	8.58345
14.887	8.58122
14.8891	8.5789
14.8911	8.57662
14.893	8.57451
14.8952	8.57216
14.8971	8.57022
14.8995	8.5679
14.9016	8.5657
14.904	8.56341
14.9065	8.56112
14.9086	8.5591
14.9107	8.55705
14.9129	8.55492
14.9151	8.55277
14.9173	8.55062
14.9195	8.54865
14.9218	8.54653
14.9241	8.54446
14.9264	8.54239
14.9287	8.54033
14.931	8.53834
14.9332	8.53641
14.9356	8.53437
14.938	8.53236
14.9405	8.53034
14.9428	8.52849
14.9453	8.52646
14.9476	8.5246
14.9501	8.52265
14.9526	8.5207
14.9551	8.5189
14.9576	8.51697
14.9602	8.51505
14.9628	8.51314
14.9654	8.51124
14.9678	8.50959
14.9705	8.5077
14.9731	8.50587
14.9758	8.50395
14.9785	8.50211
14.9813	8.50037
14.9841	8.4985
14.9867	8.49675
14.9896	8.49493
14.9924	8.49313
14.9953	8.49141
14.9981	8.48965
15.001	8.48785
15.0039	8.48608
15.0069	8.48433
15.0098	8.48272
15.0126	8.4811
15.0157	8.47932
15.0185	8.47766
15.0215	8.47601
15.0244	8.47446
15.0274	8.47281
15.0305	8.47117
15.0335	8.46956
15.0364	8.46802
15.0394	8.46645
15.0425	8.46496
15.0457	8.46337
15.0488	8.4618
15.0519	8.46023
15.0551	8.4588
15.0583	8.45727
15.0615	8.45575
15.0645	8.4543
15.0677	8.45283
15.0709	8.45147
15.0742	8.45
15.0775	8.44854
15.0808	8.44708
15.084	8.44569
15.0872	8.44439
15.0906	8.44294
15.094	8.44155
15.0974	8.44015
15.1008	8.43876
15.1042	8.4374
15.1076	8.43616
15.111	8.43483
15.1144	8.43351
15.1177	8.43227
15.1212	8.43097
15.1247	8.42976
15.1283	8.42845
15.1319	8.42713
15.1355	8.42588
15.1392	8.42458
15.1429	8.4234
15.1468	8.4221
15.1506	8.4208
15.1546	8.4195
15.1598	8.41752
15.1644	8.416
15.1683	8.41476
15.1726	8.41343
15.1766	8.41221
15.1808	8.41097
15.1849	8.40986
15.1891	8.40865
15.1934	8.40744
15.1978	8.40624
15.2022	8.40505
15.2066	8.404
15.2108	8.40288
15.2155	8.40168
15.2201	8.40052
15.2248	8.39935
15.2295	8.39833
15.2343	8.3972
15.2391	8.39608
15.2437	8.39503
15.2485	8.39397
15.2534	8.39301
15.2582	8.392
15.2631	8.39097
15.268	8.38997
15.2729	8.389
15.2776	8.3882
15.2825	8.38725
15.2875	8.38634
15.2923	8.38546
15.2973	8.38459
15.3022	8.38386
15.3072	8.38303
15.3122	8.38222
15.3172	8.38141
15.3222	8.38065
15.3276	8.3796
15.3327	8.37888
15.3377	8.37816
15.3428	8.37747
15.348	8.37679
15.3531	8.37626
15.3582	8.37562
15.3633	8.37502
15.3681	8.37447
15.3732	8.37391
15.3783	8.37348
15.3835	8.37296
15.3886	8.37245
15.3937	8.37197
15.3995	8.37114
15.4054	8.37012
15.4112	8.36926
15.4174	8.36838
15.4229	8.36761
15.4288	8.36681
15.434	8.36656
15.4393	8.36623
15.4445	8.36593
15.4504	8.36525
15.4553	8.36502
15.4605	8.36489
15.4658	8.36468
15.4711	8.36448
15.4764	8.36429
15.4818	8.36411
15.4871	8.36406
15.4924	8.36393
15.4975	8.36383
15.5029	8.36371
15.5083	8.36363
15.5136	8.36368
15.5191	8.36363
15.5245	8.3636
15.5302	8.36358
15.5356	8.36358
15.5415	8.36326
15.5472	8.36328
15.5524	8.36333
15.558	8.36339
15.5636	8.36347
15.5691	8.36367
15.5745	8.36376
15.58	8.36388
15.5856	8.36401
15.5911	8.36416
15.5967	8.36443
15.6023	8.3646
15.608	8.36478
15.6137	8.36497
15.6194	8.36519
15.6249	8.36552
15.6305	8.36575
15.6362	8.366
15.642	8.36626
15.6477	8.36654
15.6534	8.36693
15.6592	8.36724
15.665	8.36755
15.6708	8.36787
15.6765	8.36821
15.6821	8.36865
15.6878	8.36901
15.6936	8.36938
15.6994	8.36976
15.7051	8.37014
15.7107	8.37063
15.7166	8.37104
15.7227	8.37148
15.7285	8.37191
15.7342	8.37234
15.7401	8.3729
15.7461	8.37337
15.7521	8.37384
15.7577	8.3743
15.7637	8.37479
15.7696	8.3754
15.7756	8.3759
15.7816	8.37642
15.7875	8.37695
15.7935	8.37748
15.7995	8.37814
15.8053	8.37868
15.8113	8.37923
15.8174	8.37979
15.8233	8.38033
15.8293	8.38104
15.8354	8.38162
15.8415	8.38222
15.8472	8.38279
15.8535	8.3834
15.8594	8.38412
15.8655	8.38473
15.8717	8.38534
15.8778	8.38596
15.8839	8.3866
15.8901	8.38738
15.8962	8.38804
15.9024	8.38869
15.9086	8.38935
15.9148	8.39001
15.9206	8.39076
15.9268	8.39142
15.9331	8.3921
15.9394	8.39278
15.9457	8.39346
15.9517	8.39425
15.9579	8.39493
15.964	8.3956
15.9702	8.39629
15.9764	8.39698
15.9827	8.39778
15.9889	8.39847
15.9952	8.39917
16.0016	8.39988
16.0079	8.40059
16.0143	8.40143
16.0203	8.40213
16.0266	8.40287
16.033	8.40361
16.0394	8.40433
16.0457	8.40521
16.0521	8.40593
16.0583	8.40663
16.0645	8.40733
16.0709	8.40805
16.0772	8.40888
16.0835	8.40958
16.0898	8.41028
16.0961	8.41098
16.1022	8.41165
16.1084	8.41247
16.1145	8.41316
16.1208	8.41385
16.1271	8.41455
16.1334	8.41523
16.1396	8.41604
16.1459	8.41673
16.1518	8.41738
16.158	8.41805
16.1642	8.41872
16.1703	8.41951
16.1764	8.42018
16.1825	8.42082
16.1887	8.42146
16.1948	8.42208
16.2009	8.42282
16.2068	8.42344
16.213	8.42406
16.219	8.42467
16.2252	8.42529
16.2313	8.42601
16.2375	8.42662
16.2436	8.42721
16.2495	8.42778
16.2555	8.42835
16.2615	8.42904
16.2677	8.42961
16.2738	8.43019
16.28	8.43076
16.2861	8.43132
16.2922	8.432
16.2982	8.43253
16.3043	8.43308
16.3103	8.43361
16.3165	8.43414
16.3225	8.43478
16.3287	8.43531
16.3349	8.43584
16.3411	8.43636
16.3472	8.43687
16.3531	8.43749
16.3593	8.438
16.3655	8.43852
16.3716	8.43902
16.3778	8.43951
16.3844	8.44022
16.3906	8.44071
16.3967	8.44119
16.4029	8.44167
16.409	8.44214
16.4151	8.44272
16.4212	8.44317
16.4274	8.44363
16.4337	8.44409
16.4397	8.44453
16.4456	8.44507
16.4518	8.44551
16.4581	8.44595
16.4643	8.44639
16.4705	8.44682
16.4765	8.44736
16.4827	8.44779
16.4889	8.44822
16.4948	8.44863
16.5013	8.44906
16.507	8.44955
16.5134	8.44997
16.5206	8.45025
16.5268	8.45066
16.533	8.45105
16.5391	8.45153
16.5454	8.45192
16.5513	8.45229
16.5575	8.45269
16.5638	8.45307
16.5699	8.45355
16.5761	8.45393
16.5822	8.45432
16.5884	8.4547
16.5946	8.45507
16.6007	8.45553
16.6069	8.4559
16.6128	8.45625
16.6193	8.45663
16.6253	8.45698
16.6314	8.45742
16.6376	8.45778
16.6436	8.45813
16.6496	8.45847
16.6559	8.45881
16.6619	8.45922
16.6682	8.45957
16.6744	8.4599
16.6807	8.46024
16.6869	8.46057
16.693	8.46097
16.6993	8.4613
16.7054	8.4616
16.7114	8.46191
16.7177	8.46222
16.7237	8.46258
16.7301	8.46284
16.7363	8.46316
16.7423	8.46344
16.7483	8.46375
16.7545	8.46409
16.7607	8.46438
16.767	8.46469
16.7733	8.4649
16.7795	8.4652
16.7858	8.46539
16.7923	8.4656
16.7985	8.4659
16.8046	8.46618
16.8109	8.46646
16.8169	8.46682
16.8229	8.46711
16.8293	8.46732
16.8356	8.46752
16.842	8.46773
16.8482	8.46792
16.8546	8.46813
16.8611	8.46833
16.8675	8.46854
16.8738	8.46874
16.8802	8.46892
16.8866	8.46912
16.893	8.46932
16.8994	8.46952
16.9056	8.46972
16.9119	8.4699
16.9183	8.47011
16.9247	8.47031
16.9311	8.4705
16.9367	8.4709
16.9428	8.47107
16.9493	8.47127
16.9555	8.47146
16.9618	8.47165
16.9682	8.47185
16.9745	8.47201
16.9809	8.47221
16.9873	8.4724
16.9939	8.47259
17.0001	8.47278
17.0067	8.47295
17.0129	8.47313
17.0191	8.47331
17.0255	8.47349
17.0319	8.47367
17.0383	8.47381
17.0444	8.47398
17.049	8.4743
17.0537	8.47462
17.0584	8.47493
17.0647	8.47507
17.0711	8.47525
17.0775	8.47543
17.0819	8.47568
17.0885	8.47587
17.0929	8.47605
17.0992	8.47623
17.1058	8.47642
17.112	8.4766
17.1164	8.47679
17.1207	8.47692
17.1248	8.47709
17.1292	8.47727
17.1334	8.47744
17.1399	8.47765
17.1461	8.4778
17.1524	8.47802
17.1566	8.47816
17.1629	8.47839
17.1693	8.47862
17.1757	8.4788
17.182	8.47902
17.1861	8.47909
17.1925	8.47933
17.1987	8.47955
17.205	8.47972
17.2112	8.47994
17.2176	8.48017
17.2216	8.48014
17.2253	8.48011
17.2317	8.48028
17.2356	8.48023
17.2394	8.48017
17.2433	8.48012
17.2496	8.48034
17.256	8.48048
17.2624	8.48072
17.2686	8.48094
17.275	8.48117
17.2814	8.48141
17.2876	8.48164
17.2941	8.48179
17.3005	8.48203
17.3067	8.48225
17.3131	8.48248
17.3197	8.48272
17.3258	8.48287
17.3322	8.4831
17.3386	8.48332
17.3449	8.48354
17.3514	8.48377
17.3576	8.48394
17.3642	8.48419
17.3705	8.4844
17.3769	8.48463
17.3831	8.48485
17.3897	8.48501
17.3959	8.48523
17.4022	8.48543
17.4086	8.48566
17.415	8.4859
17.4214	8.48607
17.4276	8.48628
17.434	8.48652
17.4404	8.48676
17.4469	8.48699
17.4534	8.48721
17.4597	8.48744
17.4662	8.48768
17.4726	8.48792
17.4791	8.48816
17.4855	8.48837
17.4917	8.4886
17.4981	8.48882
17.5043	8.48904
17.5108	8.48928
17.5172	8.48949
17.5236	8.48972
17.5299	8.48994
17.5362	8.49016
17.5426	8.49038
17.549	8.49056
17.5555	8.49078
17.562	8.49099
17.5684	8.49121
17.5747	8.49142
17.581	8.4916
17.5874	8.49181
17.5938	8.49203
17.6	8.49224
17.6065	8.49248
17.613	8.49268
17.6194	8.4929
17.6256	8.49312
17.632	8.49334
17.6384	8.49356
17.6448	8.49375
17.6512	8.49397
17.6574	8.49417
17.664	8.49439
17.6703	8.4946
17.6767	8.49477
17.6831	8.49498
17.6896	8.49518
17.6957	8.49537
17.7023	8.49558
17.7086	8.49577
17.715	8.49599
17.7214	8.4962
17.7277	8.4964
17.7341	8.49661
17.7403	8.49679
17.7467	8.49699
17.753	8.49719
17.7595	8.49739
17.766	8.49761
17.7725	8.49781
17.779	8.49803
17.7854	8.49823
17.7917	8.49843
17.7982	8.49864
17.8047	8.49884
17.8109	8.49903
17.8173	8.49924
17.8238	8.49945
17.8301	8.49966
17.8365	8.49988
17.843	8.5001
17.8496	8.50031
17.8561	8.50052
17.8623	8.50072
17.869	8.50095
17.8754	8.50115
17.8816	8.50134
17.8878	8.50153
17.8943	8.50172
17.9007	8.5019
17.9072	8.50208
17.9134	8.50226
17.9194	8.50207
17.9258	8.50226
17.9319	8.50243
17.9378	8.50222
17.9442	8.5024
17.9507	8.50258
17.9571	8.50277
17.9624	8.50217
17.9684	8.50197
17.9744	8.50177
17.9801	8.50157
17.9861	8.50138
17.9915	8.50077
17.9975	8.50057
18.0034	8.50037
18.0092	8.50016
18.0149	8.49996
18.0204	8.4993
18.0263	8.49907
18.0322	8.49884
18.0381	8.4986
18.044	8.49837
18.05	8.49806
18.0562	8.49823
18.0626	8.49841
18.0692	8.4986
18.0754	8.49876
18.0819	8.49887
18.0881	8.49903
18.0945	8.49918
18.1006	8.49932
18.107	8.49947
18.1134	8.49956
18.1195	8.49971
18.1258	8.49982
18.1322	8.49994
18.1386	8.50006
18.145	8.50014
18.1513	8.50026
18.1577	8.50037
18.1639	8.50048
18.1702	8.5006
18.1766	8.50068
18.1827	8.5008
18.1891	8.50091
18.1954	8.50102
18.2018	8.50113
18.2077	8.50121
18.2142	8.50132
18.2203	8.50142
18.2265	8.50152
18.2328	8.50163
18.239	8.50172
18.2453	8.50181
18.2514	8.50189
18.2576	8.50198
18.264	8.50206
18.27	8.50212
18.2762	8.50219
18.2823	8.50225
18.2886	8.5023
18.2949	8.50235
18.301	8.5024
18.3073	8.50245
18.3136	8.50249
18.3196	8.50253
18.3258	8.50256
18.3321	8.5026
18.3384	8.50262
18.3447	8.50264
18.3508	8.50265
18.3574	8.50267
18.3635	8.50271
18.3697	8.50273
18.3755	8.50274
18.3817	8.50275
18.3879	8.50275
18.394	8.50274
18.4002	8.50272
18.4061	8.5027
18.4121	8.50268
18.4182	8.50265
18.4243	8.50266
18.4304	8.50262
18.4365	8.50257
18.4427	8.5025
18.4487	8.50244
18.4551	8.50241
18.4614	8.50234
18.4675	8.50226
18.4735	8.50219
18.4798	8.50209
18.486	8.502
18.4923	8.50189
18.4983	8.50178
18.5043	8.50167
18.5104	8.50154
18.5166	8.50145
18.5227	8.50132
18.5289	8.50117
18.5351	8.50101
18.5413	8.50085
18.5476	8.50073
18.5536	8.50057
18.56	8.50041
18.5663	8.50024
18.5723	8.50005
18.5787	8.49988
18.5848	8.49969
18.5909	8.4995
18.5971	8.4993
18.6031	8.49911
18.609	8.49896
18.6154	8.49873
18.6214	8.49853
18.6278	8.49829
18.634	8.49807
18.6401	8.49787
18.6463	8.49763
18.6522	8.49739
18.6586	8.49711
18.6646	8.49684
18.6708	8.49659
18.6769	8.49633
18.6831	8.49605
18.6894	8.49576
18.6957	8.49547
18.7015	8.49525
18.7079	8.49493
18.7139	8.49463
18.7202	8.49432
18.7265	8.494
18.7327	8.49372
18.739	8.4934
18.7453	8.49306
18.7516	8.49273
18.7577	8.4924
18.7642	8.49207
18.7703	8.49173
18.7765	8.49138
18.7828	8.49102
18.7891	8.49065
18.7953	8.49034
18.8018	8.48996
18.8077	8.48962
18.8143	8.48924
18.8204	8.48889
18.8267	8.48854
18.833	8.4882
18.8394	8.48787
18.8458	8.48753
18.8522	8.48719
18.8587	8.48695
18.8649	8.48662
18.8714	8.48628
18.8776	8.48595
18.884	8.48561
18.8904	8.48536
18.8968	8.48502
18.903	8.48469
18.9093	8.48435
18.9155	8.48403
18.9218	8.48369
18.9281	8.48331
18.9344	8.48293
18.9408	8.48256
18.9472	8.48218
18.9536	8.48192
18.9601	8.48164
18.9663	8.48136
18.9726	8.48097
18.9787	8.48059
18.985	8.48022
18.9913	8.47983
18.9975	8.47946
19.0037	8.47914
19.01	8.47882
19.0163	8.4786
19.0224	8.47832
19.0287	8.47802
19.035	8.47772
19.0413	8.47742
19.0475	8.47711
19.0538	8.47676
19.0599	8.47643
19.0663	8.47608
19.0726	8.47574
19.0789	8.47544
19.085	8.47511
19.0913	8.47476
19.0977	8.47442
19.1038	8.4741
19.1098	8.47382
19.1169	8.47328
19.1237	8.47277
19.1298	8.47247
19.1361	8.47215
19.1424	8.47187
19.1488	8.47156
19.1551	8.47124
19.1611	8.47095
19.1678	8.47061
19.174	8.4703
19.1801	8.46998
19.1865	8.46965
19.1929	8.46931
19.1993	8.46898
19.2054	8.46867
19.2118	8.46835
19.2179	8.46804
19.2242	8.46772
19.2305	8.46741
19.2368	8.46711
19.2432	8.46679
19.2496	8.46648
19.256	8.46617
19.2625	8.46586
19.2691	8.46557
19.2751	8.46527
19.2815	8.46496
19.2877	8.46467
19.2941	8.46436
19.3005	8.46409
19.3068	8.46379
19.313	8.46349
19.3194	8.46319
19.3255	8.4629
19.3319	8.46263
19.3383	8.46232
19.3447	8.46202
19.3512	8.46171
19.3576	8.4614
19.364	8.46114
19.3704	8.46084
19.3766	8.46055
19.3831	8.46025
19.3893	8.45997
19.3957	8.4597
19.4021	8.45938
19.4085	8.45907
19.4147	8.45876
19.421	8.45846
19.4274	8.45818
19.4338	8.45786
19.4402	8.45755
19.4466	8.45724
19.453	8.45693
19.4594	8.45665
19.4659	8.45633
19.4723	8.45602
19.4788	8.4557
19.485	8.4554
19.492	8.4551
19.4976	8.45483
19.504	8.45453
19.5104	8.45422
19.5168	8.45392
19.5228	8.45368
19.5292	8.45337
19.5357	8.45305
19.542	8.45274
19.5484	8.45243
19.5548	8.45215
19.5613	8.45184
19.5675	8.45153
19.5741	8.45122
19.5805	8.4509
19.5865	8.45065
19.5929	8.45034
19.5993	8.45003
19.6057	8.44973
19.612	8.44943
19.6183	8.44913
19.6244	8.44887
19.6305	8.44859
19.6369	8.44829
19.6433	8.44798
19.6497	8.44768
19.6561	8.44741
19.6626	8.44709
19.669	8.44677
19.6754	8.44646
19.6816	8.44615
19.688	8.44586
19.6944	8.44554
19.7006	8.44523
19.707	8.44492
19.7134	8.4446
19.7198	8.44432
19.726	8.444
19.7321	8.4437
19.7387	8.44336
19.7452	8.44303
19.7516	8.44274
19.7579	8.44242
19.7644	8.44209
19.7708	8.44176
19.7772	8.44144
19.7836	8.44114
19.7898	8.44082
19.796	8.44051
19.8024	8.44018
19.8089	8.43985
19.8153	8.43955
19.8217	8.43923
19.8277	8.43892
19.8341	8.4386
19.8405	8.43827
19.8469	8.43799
19.8533	8.43768
19.8598	8.43736
19.8662	8.43703
19.8727	8.43671
19.8791	8.43643
19.8853	8.43612
19.8917	8.43579
19.8981	8.43547
19.9043	8.43515
19.9107	8.43486
19.9171	8.43454
19.9235	8.43421
19.9296	8.4339
19.936	8.43357
19.9424	8.43333
19.9488	8.43309
19.9551	8.43285
19.9616	8.43255
19.968	8.43223
19.9743	8.432
19.9807	8.43173
19.987	8.43149
19.9931	8.43125
19.9997	8.43094
20.0063	8.43058
20.012	8.43034
20.0183	8.43007
20.0246	8.4298
20.0305	8.42955
20.0369	8.42928
20.0433	8.42904
20.0496	8.4288
20.056	8.42847
20.0625	8.42815
20.0689	8.42789
20.0754	8.42757
20.0818	8.42723
20.0882	8.42688
20.0944	8.42658
20.1011	8.42622
20.1075	8.42588
20.1137	8.42556
20.1197	8.42524
20.1265	8.4249
20.1329	8.42456
20.1394	8.42421
20.1458	8.42387
20.1523	8.42353
20.1585	8.42319
20.1643	8.42293
20.1716	8.42253
20.1776	8.42219
20.184	8.42185
20.1905	8.42152
20.1969	8.42115
20.2031	8.42082
20.2096	8.42048
20.216	8.42014
20.2222	8.41982
20.2287	8.41948
20.235	8.4192
20.2413	8.41891
20.2476	8.41863
20.2538	8.41832
20.2604	8.41796
20.2666	8.41767
20.273	8.41733
20.2797	8.41696
20.2858	8.41672
20.2921	8.41643
20.2984	8.41613
20.3046	8.41578
20.311	8.41542
20.3173	8.4151
20.3237	8.41474
20.3301	8.41439
20.3365	8.41403
20.343	8.41367
20.3494	8.41334
20.3559	8.41298
20.3621	8.41264
20.3687	8.41228
20.3749	8.41194
20.3814	8.41158
20.3872	8.41131
20.3941	8.41093
20.4005	8.41059
20.4067	8.41026
20.413	8.40996
20.4192	8.40963
20.4254	8.4093
20.4318	8.40895
20.4383	8.40861
20.4447	8.4083
20.4512	8.40794
20.4577	8.40758
20.4641	8.40723
20.4704	8.40689
20.4768	8.40657
20.483	8.40623
20.4894	8.40588
20.4958	8.40553
20.5022	8.40518
20.5083	8.40489
20.5147	8.40454
20.521	8.4042
20.5274	8.40384
20.5338	8.40348
20.5402	8.40315
20.5467	8.4028
20.5531	8.40245
20.5595	8.4021
20.5659	8.40176
20.5721	8.40145
20.5784	8.4011
20.5849	8.40075
20.5911	8.40041
20.5975	8.40005
20.6039	8.39971
20.6101	8.39935
20.6165	8.39899
20.6227	8.39865
20.6291	8.39829
20.6354	8.39783
20.6419	8.39747
20.6483	8.39711
20.6547	8.39674
20.6612	8.39637
20.6676	8.39601
20.6739	8.39566
20.6803	8.3953
20.6867	8.39493
20.6928	8.39458
20.6992	8.39425
20.7056	8.39389
20.712	8.39353
20.718	8.39319
20.7244	8.39283
20.7308	8.39249
20.7373	8.39212
20.7437	8.39174
20.7502	8.39137
20.7564	8.39101
20.763	8.39066
20.7694	8.3903
20.7756	8.38994
20.782	8.38957
20.7882	8.38922
20.7946	8.38886
20.801	8.38849
20.807	8.38814
20.8131	8.38779
20.8197	8.38741
20.8259	8.38709
20.8323	8.38673
20.8387	8.38638
20.8451	8.38602
20.8516	8.38567
20.8578	8.38538
20.8645	8.38502
20.8709	8.38466
20.8771	8.38431
20.8833	8.38397
20.8897	8.38364
20.896	8.38329
20.9024	8.38293
20.9085	8.38257
20.9149	8.38222
20.9211	8.38191
20.9275	8.38155
20.9339	8.38119
20.9403	8.38084
20.9467	8.38047
20.9531	8.38014
20.9593	8.3798
20.9657	8.37945
20.9723	8.37909
20.9784	8.37876
20.9846	8.37846
20.991	8.37811
20.9974	8.37776
21.0038	8.37741
21.01	8.37706
21.0162	8.37676
21.0227	8.3764
21.0288	8.37607
21.0352	8.37572
21.0416	8.37536
21.0479	8.37505
21.0543	8.3747
21.0605	8.37436
21.0669	8.37401
21.0735	8.37365
21.0794	8.37334
21.0858	8.37299
21.0921	8.37264
21.0984	8.37229
21.1048	8.37194
21.1109	8.37164
21.117	8.37131
21.1234	8.37096
21.1298	8.3706
21.1361	8.37025
21.1425	8.36993
21.1489	8.36958
21.1552	8.36922
21.1614	8.36888
21.168	8.36851
21.1743	8.3682
21.1804	8.36786
21.1868	8.36752
21.1929	8.3672
21.1992	8.36685
21.2052	8.36651
21.2115	8.36616
21.2178	8.36581
21.2239	8.36547
21.2303	8.3651
21.2365	8.36475
21.2429	8.36438
21.2493	8.36402
21.2556	8.36366
21.262	8.3633
21.2681	8.36298
21.2747	8.36262
21.2808	8.36229
21.2869	8.36196
21.2932	8.36161
21.2994	8.36128
21.3057	8.36093
21.3118	8.36058
21.3181	8.36023
21.3244	8.35987
21.3305	8.35954
21.3368	8.35918
21.3431	8.35883
21.3495	8.35848
21.3556	8.35813
21.362	8.35779
21.3681	8.35745
21.3744	8.35711
21.3807	8.35676
21.3868	8.35643
21.393	8.35611
21.3993	8.35576
21.4054	8.35542
21.4118	8.35508
21.418	8.35474
21.4242	8.3544
21.4303	8.35406
21.4366	8.35371
21.443	8.35341
21.4495	8.35311
21.4559	8.35287
21.4624	8.35256
21.4686	8.35228
21.475	8.35199
21.4814	8.3517
21.4878	8.35141
21.494	8.35121
21.5004	8.35092
21.5066	8.35064
21.513	8.35035
21.5195	8.35007
21.5259	8.34983
21.5322	8.34955
21.5386	8.34926
21.5451	8.34898
21.5515	8.3487
21.5579	8.34848
21.5641	8.34821
21.5705	8.34801
21.5769	8.34774
21.5833	8.34754
21.5897	8.34747
21.5958	8.34729
21.6021	8.34709
21.6083	8.3469
21.6147	8.34665
21.6211	8.34647
21.6277	8.34621
21.634	8.34598
21.6404	8.34574
21.6469	8.3455
21.6533	8.34532
21.6598	8.34507
21.6662	8.34483
21.6724	8.34459
21.6788	8.34436
21.6851	8.34417
21.6912	8.34395
21.6976	8.34372
21.7038	8.34349
21.7102	8.34327
21.7165	8.34309
21.7229	8.34287
21.7291	8.34266
21.7355	8.34243
21.7418	8.34222
21.7482	8.34204
21.7546	8.34182
21.761	8.3416
21.7674	8.34139
21.7736	8.34118
21.78	8.34101
21.7864	8.3408
21.7926	8.3406
21.799	8.3404
21.8052	8.3402
21.8115	8.34002
21.8179	8.33983
21.8241	8.33964
21.8306	8.33942
21.8368	8.33923
21.8431	8.33907
21.8495	8.33887
21.8559	8.33868
21.8622	8.33848
21.8684	8.3383
21.8749	8.33816
21.881	8.33798
21.8874	8.33779
21.8935	8.33763
21.8999	8.33745
21.906	8.33732
21.9124	8.33715
21.9187	8.33698
21.9251	8.33682
21.9313	8.33666
21.9377	8.33653
21.9441	8.33636
21.9505	8.3362
21.9567	8.33604
21.9633	8.33586
21.9697	8.33574
21.9759	8.33558
21.9823	8.33542
21.9886	8.33526
21.9948	8.33512
22.0011	8.33502
22.0073	8.33488
22.0137	8.33473
22.0201	8.33459
22.0265	8.33445
22.0327	8.33435
22.0391	8.33421
22.0456	8.33406
22.052	8.33393
22.0584	8.33379
22.0647	8.33371
22.0709	8.33358
22.0773	8.33346
22.0834	8.33336
22.0895	8.33324
22.0952	8.3332
22.1013	8.33309
22.1072	8.33299
22.1133	8.33289
22.1195	8.33278
22.1252	8.33276
22.1314	8.33265
22.1375	8.33255
22.1436	8.33244
22.1495	8.33234
22.1556	8.3323
22.1617	8.33219
22.1678	8.33208
22.1737	8.33198
22.1798	8.33186
22.1857	8.33183
22.1916	8.33172
22.1975	8.3316
22.2036	8.33148
22.2097	8.33147
22.2154	8.33162
22.2213	8.33152
22.2274	8.3314
22.2335	8.33127
22.2396	8.33114
22.2453	8.33111
22.2516	8.33098
22.2576	8.33086
22.2635	8.33074
22.2695	8.3306
22.2754	8.33056
22.2814	8.33042
22.2874	8.33028
22.2931	8.33016
22.2991	8.32999
22.305	8.32992
22.3111	8.32976
22.3172	8.32959
22.3231	8.32944
22.3291	8.32926
22.335	8.32917
22.3409	8.32901
22.3471	8.32882
22.3532	8.32864
22.3592	8.32844
22.3649	8.32833
22.3707	8.32815
22.3768	8.32794
22.3826	8.32775
22.3884	8.32754
22.3942	8.3274
22.4002	8.32717
22.4062	8.32695
22.4122	8.32672
22.4181	8.32648
22.4239	8.32632
22.4299	8.32608
22.4359	8.32583
22.4419	8.32558
22.4478	8.3254
22.4543	8.3251
22.4595	8.32487
22.4655	8.32456
22.4716	8.32424
22.4772	8.32401
22.484	8.32365
22.4902	8.32332
22.4955	8.32304
22.5024	8.32266
22.5086	8.32137
22.5162	8.32045
22.5223	8.32012
22.5285	8.31978
22.5344	8.31946
22.5407	8.31911
22.5459	8.31891
22.5521	8.31856
22.5584	8.3182
22.5646	8.31784
22.5709	8.31748
22.5766	8.31719
22.5837	8.31675
22.59	8.31637
22.5955	8.31605
22.6022	8.31572
22.6086	8.31534
22.6141	8.31504
22.6201	8.31471
22.6269	8.31431
22.6329	8.31403
22.6393	8.31368
22.6444	8.3134
22.6505	8.31306
22.6565	8.31274
22.6626	8.31241
22.668	8.31217
22.6748	8.3118
22.6808	8.31149
22.6868	8.31118
22.6919	8.31097
22.6986	8.31062
22.7048	8.3103
22.7099	8.31006
22.7164	8.30973
22.7224	8.30949
22.7282	8.30922
22.7344	8.30893
22.7394	8.3087
22.7454	8.30844
22.7513	8.30819
22.7571	8.30797
22.7626	8.30776
22.7691	8.30751
22.775	8.30729
22.7806	8.3071
22.7865	8.30691
22.7941	8.3056
22.802	8.30432
22.8099	8.30306
22.8195	8.30087
22.8271	8.29971
22.8348	8.2986
22.8427	8.29752
22.8495	8.29652
22.8571	8.29552
22.8664	8.29383
22.8737	8.29294
22.8812	8.29206
22.8892	8.29117
22.8982	8.28978
22.9056	8.28905
22.913	8.28834
22.9202	8.28765
22.9275	8.28699
22.9348	8.28636
22.9429	8.28541
22.9509	8.28483
22.9579	8.28432
22.9644	8.28387
22.9716	8.28341
22.9801	8.2827
22.9872	8.28233
22.9941	8.282
23.001	8.28163
23.0084	8.28157
23.0155	8.2813
23.0208	8.2814
23.0261	8.28157
23.0313	8.28175
23.0362	8.2821
23.0415	8.28229
23.0467	8.28251
23.052	8.28274
23.0571	8.28299
23.062	8.28341
23.0672	8.28367
23.0717	8.28394
23.0769	8.28425
23.0817	8.28455
23.0872	8.28507
23.0923	8.28543
23.0974	8.28579
23.1024	8.28616
23.1075	8.28656
23.112	8.28708
23.1171	8.28751
23.122	8.28796
23.1271	8.28841
23.1321	8.28887
23.1372	8.28938
23.1411	8.28992
23.1468	8.29051
23.1518	8.29105
23.1561	8.29152
23.1612	8.29211
23.1653	8.29273
23.171	8.29341
23.176	8.29402
23.1809	8.29464
23.1853	8.29533
23.19	8.29597
23.1949	8.29665
23.1996	8.29732
23.2044	8.298
23.2092	8.29873
23.2129	8.29938
23.2184	8.3002
23.2233	8.30095
23.2281	8.3017
23.2322	8.30239
23.2362	8.30313
23.2417	8.30404
23.2464	8.30487
23.2512	8.3057
23.2559	8.30659
23.2601	8.30746
23.2648	8.30837
23.2694	8.30928
23.2738	8.31015
23.2784	8.31111
23.2824	8.31203
23.287	8.313
23.2915	8.314
23.296	8.31499
23.3005	8.31604
23.304	8.3169
23.3082	8.31789
23.3137	8.31916
23.3185	8.32029
23.3234	8.32146
23.3281	8.32259
23.3329	8.32379
23.3377	8.32499
23.3422	8.32615
23.3468	8.32737
23.3514	8.32858
23.3561	8.32987
23.3607	8.33114
23.3653	8.33244
23.3698	8.33374
23.3742	8.33501
23.378	8.33615
23.382	8.33737
23.3868	8.33882
23.3909	8.34012
23.3948	8.34137
23.3989	8.34267
23.4028	8.34396
23.4067	8.34525
23.4102	8.34646
23.4138	8.34771
23.4175	8.349
23.4211	8.35027
23.4247	8.35154
23.4282	8.35282
23.4315	8.35405
23.4349	8.35534
23.4377	8.35637
23.4415	8.35784
23.4448	8.35916
23.448	8.36041
23.4513	8.36174
23.4546	8.36309
23.4578	8.36443
23.4611	8.36582
23.464	8.36708
23.4673	8.36847
23.4705	8.36988
23.4737	8.37131
23.4769	8.37275
23.48	8.37417
23.4831	8.37563
23.4863	8.3771
23.4888	8.37829
23.4923	8.38001
23.4953	8.38148
23.4983	8.383
23.5013	8.38452
23.5043	8.38604
23.5073	8.38757
23.5102	8.38913
23.513	8.39061
23.5159	8.39219
23.5188	8.3938
23.5217	8.39543
23.5245	8.397
23.5273	8.39863
23.5302	8.40025
23.5329	8.40188
23.5357	8.40352
23.5378	8.40485
23.5409	8.40674
23.5436	8.40842
23.5463	8.41011
23.549	8.41184
23.5515	8.41352
23.554	8.41515
23.5566	8.41688
23.5594	8.41874
23.5618	8.42042
23.5643	8.42222
23.567	8.4241
23.5696	8.42598
23.5722	8.42788
23.5747	8.42976
23.5773	8.43173
23.5797	8.43353
23.5822	8.43547
23.5847	8.43744
23.5872	8.43941
23.5896	8.44145
23.592	8.44342
23.5943	8.44527
23.5966	8.44727
23.599	8.44926
23.6013	8.45127
23.6036	8.45329
23.6059	8.45534
23.6083	8.45739
23.6106	8.45949
23.6129	8.46159
23.615	8.46361
23.6174	8.46586
23.6193	8.46764
23.6219	8.47013
23.6241	8.47238
23.6263	8.47464
23.6285	8.47689
23.6306	8.47906
23.6328	8.48137
23.635	8.48371
23.6372	8.48605
23.6393	8.4884
23.6415	8.49078
23.6437	8.49318
23.6458	8.4956
23.6478	8.49793
23.6501	8.50051
23.6521	8.50288
23.6542	8.5054
23.6563	8.50799
23.6584	8.51056
23.6605	8.51315
23.6626	8.51574
23.6646	8.51825
23.6667	8.52092
23.6687	8.52361
23.6708	8.52634
23.6729	8.52907
23.675	8.53186
23.6769	8.53458
23.6788	8.53727
23.6807	8.53994
23.6825	8.54255
23.6844	8.54531
23.6861	8.54804
23.688	8.55085
23.6899	8.5537
23.6918	8.55656
23.6935	8.55929
23.6953	8.56213
23.6971	8.56508
23.699	8.56808
23.7009	8.57107
23.7027	8.57411
23.7044	8.57709
23.7062	8.5801
23.7081	8.5832
23.7099	8.58635
23.7118	8.58959
23.7135	8.59269
23.7154	8.59611
23.7174	8.59963
23.7195	8.60328
23.7215	8.60683
23.7234	8.61066
23.7257	8.61472
23.7279	8.6189
23.7302	8.62314
23.7325	8.62748
23.7347	8.63183
23.737	8.6363
23.7393	8.64082
23.7415	8.64506
23.7439	8.64981
23.7459	8.6542
23.7483	8.65886
23.7506	8.66356
23.7529	8.66827
23.7551	8.67303
23.7573	8.67776
23.7595	8.68247
23.7617	8.68717
23.764	8.6921
23.7663	8.69708
23.7685	8.7021
23.7709	8.70718
23.7732	8.71231
23.7755	8.71731
23.7778	8.7225
23.78	8.72769
23.7823	8.73279
23.7846	8.73814
23.787	8.74354
23.7894	8.74898
23.7917	8.7544
23.7939	8.7595
23.7964	8.76517
23.7987	8.77049
23.8011	8.77607
23.8034	8.78165
23.8059	8.78736
23.8084	8.79309
23.8108	8.79874
23.8133	8.80456
23.8158	8.81045
23.8182	8.81612
23.8208	8.82204
23.8233	8.82789
23.8259	8.8338
23.8283	8.83964
23.8307	8.84528
23.8333	8.85107
23.8357	8.85667
23.8382	8.86237
23.8406	8.86802
23.8431	8.87362
23.8455	8.87921
23.848	8.88476
23.8505	8.89031
23.8528	8.89586
23.8552	8.90119
23.8577	8.90654
23.8601	8.91202
23.8626	8.9175
23.865	8.9229
23.8674	8.92825
23.8699	8.93352
23.8722	8.93862
23.8746	8.94383
23.8791	8.95239
23.8815	8.95748
23.884	8.96273
23.8865	8.96798
23.8891	8.97324
23.8915	8.9785
23.894	8.98376
23.8965	8.98886
23.899	8.99399
23.9016	8.99925
23.9041	9.00451
23.9067	9.00978
23.9094	9.01504
23.912	9.02012
23.9145	9.02522
23.9171	9.03045
23.9198	9.03566
23.9225	9.04089
23.9252	9.0461
23.9279	9.05135
23.9306	9.05662
23.9334	9.06194
23.9361	9.06706
23.9389	9.07234
23.9416	9.07744
23.9443	9.08267
23.9471	9.0879
23.95	9.09314
23.9528	9.09839
23.9556	9.10343
23.9584	9.10868
23.9612	9.1139
23.9642	9.11914
23.967	9.12418
23.9699	9.1294
23.9727	9.13459
23.9756	9.13983
23.9786	9.14506
23.9815	9.15014
23.9844	9.15522
23.9874	9.16051
23.9905	9.16576
23.9936	9.17107
23.9967	9.17636
23.9998	9.18165
24.0029	9.18704
24.0059	9.19218
24.009	9.19747
24.0121	9.20261
24.0152	9.2079
24.0184	9.21329
24.0215	9.21858
24.0247	9.22384
24.0278	9.22895
24.031	9.23426
24.034	9.23948
24.0373	9.24487
24.0404	9.24997
24.0436	9.25524
24.0468	9.26056
24.0498	9.2657
24.0532	9.27113
24.0562	9.27613
24.0594	9.28132
24.0625	9.28634
24.0656	9.29158
24.0688	9.2967
24.072	9.30186
24.0752	9.307
24.0785	9.31218
24.0815	9.31725
24.0847	9.3223
24.088	9.32746
24.0913	9.33259
24.0945	9.3378
24.0977	9.34281
24.1009	9.34773
24.1041	9.35282
24.1074	9.35792
24.1106	9.36279
24.114	9.36808
24.1173	9.37295
24.1207	9.37799
24.124	9.38297
24.1274	9.38796
24.1306	9.39253
24.134	9.39749
24.1374	9.40242
24.1407	9.4072
24.144	9.4121
24.1474	9.41676
24.1508	9.42162
24.154	9.42631
24.1575	9.43088
24.1609	9.43538
24.1642	9.43955
24.1674	9.44411
24.1708	9.44842
24.1741	9.45268
24.1772	9.45764
24.1806	9.46228
24.1838	9.46689
24.1872	9.47157
24.1906	9.47623
24.1944	9.48097
24.1978	9.48578
24.2014	9.49018
24.2052	9.49483
24.2086	9.49941
24.2119	9.50353
24.2149	9.50771
24.2178	9.51172
24.2206	9.51512
24.2234	9.51889
24.2258	9.52223
24.2281	9.52555
24.2304	9.52882
24.2326	9.53194
24.2349	9.53469
24.2371	9.53743
24.2393	9.53975
24.2413	9.54228
24.2434	9.5449
24.2453	9.54781
24.2471	9.55051
24.2488	9.5527
24.2504	9.55481
24.2519	9.55678
24.2533	9.55851
24.2546	9.56029
24.2559	9.5616
24.2571	9.5632
24.2582	9.56468
24.2592	9.56616
24.2602	9.56796
24.2611	9.56936
24.2621	9.5708
24.2629	9.57206
24.2638	9.57344
24.2648	9.57491
24.2656	9.57635
24.2664	9.57823
24.2672	9.58017
24.268	9.58202
24.2689	9.58429
24.2696	9.58627
24.2704	9.58852
24.2713	9.59087
24.2722	9.59324
24.273	9.59564
24.2738	9.59792
24.2746	9.60046
24.2754	9.60276
24.2762	9.60528
24.277	9.60787
24.2778	9.61054
24.2785	9.61323
24.2793	9.61616
24.2802	9.6194
24.2812	9.62295
24.2822	9.62672
24.2831	9.63044
24.2842	9.63461
24.2853	9.63902
24.2864	9.64353
24.2875	9.64829
24.2886	9.65325
24.2898	9.65838
24.2909	9.66343
24.2921	9.66889
24.2933	9.67439
24.2945	9.68017
24.2958	9.68608
24.2971	9.69204
24.2984	9.69809
24.2997	9.70419
24.3009	9.71014
24.3023	9.71631
24.3036	9.72254
24.3049	9.7286
24.3063	9.73508
24.3075	9.74113
24.3089	9.74734
24.3102	9.75332
24.3115	9.75946
24.3128	9.76555
24.3141	9.7718
24.3153	9.77773
24.3166	9.78371
24.3179	9.78996
24.3193	9.79627
24.3205	9.80239
24.3219	9.80876
24.3233	9.81514
24.3247	9.82142
24.326	9.8277
24.3272	9.83407
24.3284	9.84023
24.3298	9.84645
24.3311	9.85267
24.3324	9.85891
24.3335	9.86548
24.3349	9.87173
24.3362	9.87797
24.3376	9.88403
24.3389	9.89032
24.3403	9.8966
24.3417	9.90289
24.343	9.909
24.3444	9.91529
24.3458	9.92162
24.3471	9.9279
24.3485	9.93401
24.35	9.94032
24.3513	9.94641
24.3528	9.95289
24.3542	9.95906
24.3556	9.96521
24.357	9.97146
24.3584	9.97765
24.3598	9.9839
24.3612	9.99016
24.3626	9.99643
24.364	10.0025
24.3655	10.009
24.3668	10.0151
24.3683	10.0214
24.3697	10.0277
24.3711	10.0337
24.3725	10.04
24.374	10.0462
24.3753	10.0525
24.3768	10.0588
24.3782	10.0649
24.3796	10.0711
24.381	10.0771
24.3824	10.0836
24.3839	10.0899
24.3853	10.0959
24.3867	10.1023
24.3881	10.1084
24.3896	10.115
24.391	10.1211
24.3925	10.1275
24.3939	10.1336
24.3954	10.1399
24.3968	10.1462
24.3982	10.1525
24.3996	10.1585
24.401	10.1647
24.4025	10.171
24.4039	10.1771
24.4053	10.1834
24.4068	10.1897
24.4083	10.1961
24.4098	10.2026
24.4112	10.2089
24.4127	10.2152
24.4141	10.2215
24.4156	10.2277
24.417	10.2339
24.4184	10.2399
24.4198	10.2461
24.4212	10.2522
24.4227	10.2585
24.4242	10.265
24.4256	10.2713
24.4271	10.2774
24.4285	10.2836
24.4299	10.2899
24.4313	10.2961
24.4327	10.3024
24.4341	10.3085
24.4355	10.3147
24.437	10.321
24.4385	10.3273
24.4399	10.3333
24.4413	10.3395
24.4428	10.3458
24.4442	10.3519
24.4457	10.3581
24.4471	10.3641
24.4486	10.3704
24.45	10.3764
24.4515	10.3827
24.4529	10.389
24.4544	10.3951
24.4559	10.4016
24.4573	10.4077
24.4588	10.4139
24.4603	10.4202
24.4617	10.4264
24.4632	10.4326
24.4646	10.4387
24.466	10.4447
24.4675	10.451
24.469	10.4572
24.4704	10.4634
24.4719	10.4696
24.4734	10.4757
24.4748	10.4819
24.4763	10.4882
24.4778	10.4945
24.4793	10.5008
24.4807	10.507
24.4822	10.5133
24.4837	10.5196
24.4852	10.5257
24.4866	10.5319
24.4881	10.5381
24.4896	10.5443
24.491	10.5505
24.4925	10.5567
24.4939	10.5627
24.4954	10.5687
24.4968	10.575
24.4983	10.5812
24.4998	10.5875
24.5012	10.5936
24.5026	10.5997
24.504	10.6057
24.5053	10.6116
24.5067	10.6177
24.5081	10.6238
24.5095	10.6297
24.5109	10.6358
24.5122	10.6417
24.5136	10.6476
24.515	10.6537
24.5165	10.6598
24.5179	10.666
24.5192	10.6717
24.5206	10.6779
24.5221	10.684
24.5235	10.6901
24.5249	10.696
24.5263	10.702
24.5277	10.7082
24.5292	10.7143
24.5306	10.7202
24.532	10.7263
24.5334	10.7323
24.5348	10.7383
24.5363	10.7444
24.5377	10.7504
24.5392	10.7565
24.5406	10.7625
24.542	10.7687
24.5435	10.7747
24.5449	10.7809
24.5464	10.7871
24.5478	10.7931
24.5493	10.7991
24.5508	10.8052
24.5523	10.8114
24.5538	10.8175
24.5551	10.8234
24.5566	10.8295
24.5581	10.8357
24.5596	10.8417
24.561	10.8476
24.5624	10.8536
24.5639	10.8596
24.5654	10.8657
24.5669	10.8719
24.5684	10.8781
24.5699	10.8841
24.5714	10.8903
24.5728	10.8963
24.5744	10.9026
24.5759	10.9088
24.5773	10.9146
24.5795	10.9218
24.5816	10.9291
24.5838	10.9363
24.586	10.9434
24.5889	10.9518
24.5911	10.9591
24.5933	10.9662
24.5956	10.9735
24.5979	10.9807
24.6006	10.989
24.6029	10.9962
24.6052	11.0034
24.6075	11.0106
24.6098	11.0178
24.6124	11.0255
24.6148	11.0329
24.6171	11.04
24.6194	11.0469
24.6217	11.054
24.6244	11.0621
24.6267	11.069
24.629	11.0758
24.6313	11.0829
24.6337	11.09
24.6364	11.0979
24.6388	11.105
24.6412	11.112
24.6436	11.1191
24.646	11.1261
24.6486	11.1339
24.651	11.1408
24.6534	11.1477
24.6556	11.1542
24.658	11.1611
24.6606	11.1687
24.6629	11.1754
24.6654	11.1825
24.6677	11.1891
24.6701	11.1958
24.6727	11.2034
24.6751	11.2102
24.6775	11.217
24.6799	11.2238
24.6823	11.2305
24.6849	11.2379
24.6873	11.2446
24.6897	11.2514
24.692	11.2577
24.6944	11.2644
24.697	11.2717
24.6994	11.2783
24.7018	11.2849
24.7041	11.2913
24.7065	11.2979
24.709	11.305
24.7114	11.3116
24.7139	11.3183
24.7164	11.3249
24.7188	11.3316
24.7214	11.3388
24.7238	11.3454
24.7261	11.3516
24.7286	11.3583
24.731	11.3648
24.7335	11.3717
24.736	11.3782
24.7384	11.3847
24.7408	11.3912
24.7433	11.3977
24.7457	11.4043
24.7481	11.4108
24.7505	11.4173
24.753	11.4237
24.7554	11.4301
24.7579	11.437
24.7603	11.4434
24.7628	11.4498
24.7651	11.4557
24.7675	11.4621
24.77	11.4688
24.7724	11.4752
24.7748	11.4815
24.7773	11.4878
24.7797	11.4942
24.7821	11.5007
24.7845	11.507
24.7869	11.5131
24.7893	11.5194
24.7918	11.5257
24.7942	11.532
24.7966	11.5382
24.7991	11.5443
24.8015	11.5504
24.8039	11.5565
24.8061	11.5623
24.8085	11.5685
24.8109	11.5746
24.8133	11.5807
24.8158	11.5869
24.8182	11.5933
24.8206	11.5994
24.8229	11.6052
24.8253	11.6114
24.8276	11.6175
24.8301	11.6233
24.8325	11.6292
24.8348	11.6351
24.8372	11.6411
24.8396	11.647
24.8419	11.6525
24.8442	11.6584
24.8466	11.6643
24.8489	11.6702
24.8516	11.6764
24.854	11.6823
24.8563	11.6883
24.8585	11.6939
24.8609	11.7003
24.8631	11.7059
24.8654	11.7118
24.8681	11.7181
24.8707	11.7244
24.8729	11.7304
24.8751	11.7363
24.8772	11.7417
24.8794	11.7477
24.8816	11.7536
24.8838	11.7596
24.8859	11.7655
24.8882	11.7714
24.8904	11.7774
24.8925	11.7834
24.8946	11.789
24.8968	11.795
24.899	11.8009
24.9011	11.8069
24.9033	11.8129
24.9055	11.8189
24.9076	11.8249
24.9098	11.8309
24.9119	11.8368
24.9139	11.8425
24.9161	11.8485
24.9183	11.8549
24.9203	11.8604
24.9225	11.8664
24.9246	11.8725
24.9267	11.8786
24.9288	11.8846
24.9309	11.8907
24.933	11.8964
24.9352	11.9028
24.9372	11.9085
24.9393	11.9147
24.9414	11.9208
24.9435	11.9268
24.9456	11.9328
24.9475	11.9385
24.9495	11.9446
24.9516	11.9507
24.9537	11.9567
24.9557	11.9629
24.9578	11.969
24.9599	11.9752
24.962	11.9814
24.964	11.9873
24.966	11.9935
24.968	11.9994
24.97	12.0056
24.972	12.0117
24.974	12.0178
24.976	12.024
24.978	12.0302
24.9799	12.0359
24.9818	12.042
24.9839	12.0481
24.9859	12.0543
24.9879	12.0606
24.9899	12.0668
24.9919	12.073
24.9939	12.0792
24.9958	12.0851
24.9978	12.0914
24.9997	12.0977
25.0017	12.1039
25.0036	12.11
25.0055	12.1162
25.0074	12.1223
25.0093	12.1285
25.0112	12.1346
25.0132	12.1408
25.0149	12.1467
25.0171	12.1537
25.0188	12.1591
25.0207	12.1654
25.0226	12.1715
25.0245	12.1778
25.0263	12.184
25.0281	12.1898
25.0302	12.1968
25.0321	12.203
25.0337	12.2084
25.0356	12.2146
25.0374	12.2209
25.0392	12.2267
25.0411	12.233
25.0429	12.2393
25.0448	12.2455
25.0469	12.2526
25.0485	12.2581
25.0504	12.2644
25.0522	12.2707
25.054	12.277
25.0558	12.2829
25.0578	12.29
25.0594	12.2954
25.0613	12.3017
25.0631	12.3079
25.0649	12.3142
25.0666	12.3202
25.0683	12.3262
25.0704	12.3334
25.072	12.3389
25.0738	12.3451
25.0756	12.3514
25.0774	12.3575
25.0792	12.3637
25.081	12.3699
25.0827	12.3762
25.0844	12.3821
25.0861	12.3882
25.0879	12.3944
25.0898	12.4015
25.0915	12.4077
25.0932	12.414
25.0946	12.4193
25.0963	12.4253
25.0979	12.4315
25.0996	12.4377
25.1013	12.4441
25.103	12.4503
25.1046	12.4566
25.1063	12.463
25.108	12.4694
25.1096	12.4756
25.1111	12.4817
25.1128	12.488
25.1146	12.4951
25.116	12.5005
25.1178	12.5076
25.1192	12.5131
25.1208	12.5195
25.1224	12.5259
25.1239	12.5318
25.1254	12.5382
25.1269	12.5444
25.1287	12.5516
25.1303	12.5579
25.1316	12.5635
25.1332	12.5698
25.1346	12.576
25.1361	12.5819
25.1376	12.5882
25.1392	12.5945
25.1406	12.6007
25.1423	12.6079
25.1439	12.6142
25.1452	12.6198
25.1466	12.6257
25.1484	12.6329
25.1496	12.6383
25.1511	12.6447
25.1528	12.6518
25.1543	12.6582
25.1556	12.6638
25.157	12.6702
25.1585	12.6763
25.1599	12.6825
25.1614	12.6889
25.1628	12.6951
25.1644	12.7023
25.1659	12.7086
25.1672	12.7142
25.1688	12.7214
25.17	12.7268
25.1716	12.7338
25.1728	12.7394
25.1743	12.7459
25.1757	12.7523
25.1773	12.7595
25.1787	12.766
25.18	12.7716
25.1814	12.7781
25.1827	12.7841
25.1842	12.7909
25.1854	12.7968
25.1868	12.8032
25.1884	12.8104
25.1896	12.816
25.191	12.8225
25.1923	12.829
25.1937	12.8353
25.1951	12.8418
25.1964	12.8481
25.1977	12.8545
25.1992	12.8618
25.2006	12.8683
25.2019	12.8747
25.203	12.8801
25.2044	12.8867
25.2055	12.8926
25.2068	12.8991
25.2081	12.9055
25.2097	12.9129
25.211	12.9194
25.212	12.9251
25.2135	12.9322
25.2147	12.9385
25.2158	12.9441
25.2171	12.9506
25.2183	12.957
25.2198	12.9643
25.221	12.9708
25.2221	12.9765
25.2233	12.9826
25.2245	12.9894
25.2257	12.9955
25.227	13.002
25.2284	13.0093
25.2295	13.0158
25.2307	13.0223
25.232	13.0289
25.2331	13.0352
25.2342	13.0407
25.2354	13.0473
25.2365	13.0538
25.2377	13.0603
25.2391	13.0677
25.2402	13.0742
25.2412	13.0799
25.2425	13.0872
25.2435	13.093
25.2446	13.0991
25.2458	13.1059
25.247	13.1122
25.248	13.1188
25.2493	13.1262
25.2505	13.1328
25.2516	13.1391
25.2527	13.1455
25.2535	13.1512
25.2547	13.1578
25.2558	13.1643
25.257	13.1717
25.258	13.1782
25.2591	13.1848
25.26	13.1903
25.2613	13.1979
25.2622	13.2036
25.2633	13.21
25.2643	13.2168
25.2653	13.2232
25.2665	13.2307
25.2676	13.2374
25.2686	13.244
25.2694	13.2494
25.2705	13.2562
25.2715	13.2628
25.2725	13.2694
25.2736	13.2768
25.2746	13.2833
25.2756	13.2899
25.2766	13.2965
25.2776	13.3029
25.2784	13.3087
25.2793	13.3151
25.2802	13.3218
25.2812	13.3284
25.2823	13.3359
25.2831	13.3415
25.2839	13.3479
25.2849	13.3546
25.286	13.362
25.2868	13.3683
25.2876	13.3745
25.2886	13.382
25.2894	13.3878
25.2904	13.3951
25.2913	13.4017
25.2922	13.4084
25.2929	13.414
25.2939	13.4216
25.2946	13.4274
25.2956	13.435
25.2964	13.4415
25.2973	13.4481
25.2981	13.4546
25.2988	13.4604
25.2996	13.4671
25.3005	13.4738
25.3012	13.4805
25.302	13.4871
25.303	13.4946
25.3038	13.5011
25.3045	13.5079
25.3053	13.5148
25.306	13.5205
25.3067	13.5269
25.3075	13.5336
25.3082	13.5403
25.3091	13.5478
25.3098	13.5543
25.3105	13.5602
25.3113	13.5675
25.3119	13.5733
25.3126	13.58
25.3133	13.5867
25.314	13.5934
25.3149	13.6009
25.3155	13.6076
25.3162	13.6143
25.3169	13.6209
25.3175	13.6274
25.3181	13.6333
25.3188	13.6401
25.3194	13.6469
25.3202	13.6544
25.3208	13.661
25.3214	13.6677
25.322	13.6744
25.3226	13.6809
25.3231	13.6867
25.3238	13.6934
25.3244	13.7002
25.3251	13.7078
25.3256	13.7146
25.3262	13.7214
25.3268	13.7279
25.3274	13.7345
25.328	13.7414
25.3283	13.7471
25.329	13.7549
25.3296	13.7616
25.3301	13.7679
25.3306	13.7738
25.331	13.7806
25.3316	13.7874
25.3321	13.7941
25.3327	13.8017
25.3331	13.8076
25.3336	13.8144
25.3342	13.822
25.3346	13.8284
25.3351	13.8352
25.3356	13.8422
25.336	13.8488
25.3364	13.8547
25.3369	13.8615
25.3374	13.869
25.3378	13.8753
25.3381
