13.9866	12.8918
13.9865	12.8918
13.9865	12.8918
13.9862	12.8918
13.986	12.8918
13.986	12.8918
13.9856	12.8917
13.9856	12.8917
13.9853	12.8917
13.985	12.8917
13.9845	12.8916
13.9845	12.8916
13.9842	12.8916
13.9839	12.8916
13.9833	12.8915
13.9832	12.8915
13.9826	12.8915
13.9825	12.8915
13.9821	12.8914
13.9817	12.8914
13.9813	12.8914
13.9808	12.8913
13.9797	12.8912
13.9797	12.8912
13.9792	12.8912
13.9787	12.8912
13.9779	12.8911
13.9774	12.8911
13.9768	12.891
13.9762	12.891
13.9755	12.8909
13.9748	12.8909
13.9743	12.8908
13.9735	12.8908
13.972	12.8907
13.972	12.8907
13.9712	12.8906
13.9703	12.8906
13.9695	12.8905
13.9687	12.8905
13.9669	12.8904
13.9668	12.8904
13.9659	12.8903
13.9649	12.8903
13.9628	12.8902
13.9628	12.8902
13.9606	12.8901
13.9606	12.8901
13.9584	12.89
13.9584	12.89
13.9572	12.89
13.956	12.89
13.9535	12.8899
13.9535	12.8899
13.9511	12.8898
13.9511	12.8898
13.9498	12.8898
13.9474	12.8897
13.9474	12.8897
13.9448	12.8897
13.9448	12.8897
13.942	12.8896
13.942	12.8896
13.9391	12.8896
13.9377	12.8896
13.9377	12.8896
13.9348	12.8895
13.9348	12.8895
13.9318	12.8895
13.9318	12.8895
13.9288	12.8895
13.9288	12.8895
13.9272	12.8894
13.9257	12.8894
13.9226	12.8894
13.9226	12.8894
13.9208	12.8894
13.9189	12.8894
13.9169	12.8894
13.9152	12.8894
13.9135	12.8893
13.9119	12.8893
13.9101	12.8893
13.9084	12.8893
13.9064	12.8893
13.9047	12.8893
13.9029	12.8893
13.9014	12.8893
13.8997	12.8893
13.8979	12.8892
13.8962	12.8892
13.8946	12.8892
13.8928	12.8892
13.891	12.8892
13.8892	12.8892
13.8876	12.8891
13.8856	12.8891
13.884	12.8891
13.882	12.8891
13.8806	12.8891
13.8788	12.8891
13.877	12.889
13.8734	12.889
13.8734	12.889
13.8698	12.8889
13.8698	12.8889
13.8662	12.8888
13.8662	12.8888
13.8644	12.8888
13.8626	12.8888
13.8608	12.8887
13.8576	12.8887
13.8558	12.8886
13.854	12.8886
13.8522	12.8886
13.8504	12.8885
13.8504	12.8885
13.8468	12.8884
13.8468	12.8884
13.8432	12.8883
13.8432	12.8883
13.8396	12.8882
13.8379	12.8882
13.8379	12.8882
13.8357	12.8881
13.834	12.8881
13.8307	12.888
13.8307	12.888
13.828	12.8879
13.8261	12.8878
13.8244	12.8877
13.8226	12.8876
13.8212	12.8876
13.8195	12.8875
13.8177	12.8874
13.816	12.8874
13.8141	12.8873
13.8125	12.8872
13.8106	12.8872
13.8091	12.8871
13.8074	12.887
13.8056	12.887
13.8039	12.8869
13.8021	12.8868
13.8007	12.8867
13.7989	12.8867
13.7957	12.8865
13.7957	12.8865
13.7924	12.8863
13.7924	12.8863
13.7889	12.8861
13.7889	12.8861
13.7852	12.8859
13.7852	12.8859
13.7833	12.8858
13.7815	12.8857
13.7799	12.8856
13.7782	12.8855
13.7763	12.8854
13.7747	12.8853
13.773	12.8852
13.7711	12.8851
13.7693	12.885
13.7676	12.8849
13.766	12.8848
13.7643	12.8847
13.7625	12.8846
13.7609	12.8845
13.7592	12.8844
13.7575	12.8843
13.7556	12.8841
13.754	12.884
13.7522	12.8839
13.7506	12.8838
13.7474	12.8836
13.7474	12.8836
13.7457	12.8834
13.744	12.8833
13.7422	12.8832
13.7396	12.883
13.7381	12.8829
13.7362	12.8827
13.7343	12.8826
13.7326	12.8824
13.7326	12.8824
13.7309	12.8823
13.7294	12.8822
13.7275	12.882
13.7259	12.8819
13.7259	12.8819
13.7244	12.8818
13.7225	12.8816
13.7208	12.8815
13.7191	12.8813
13.7161	12.881
13.7144	12.8809
13.7128	12.8808
13.711	12.8806
13.7095	12.8804
13.7076	12.8803
13.7061	12.8801
13.7043	12.8799
13.7028	12.8798
13.7013	12.8796
13.6996	12.8795
13.6979	12.8793
13.6965	12.8792
13.6949	12.879
13.6933	12.8788
13.6916	12.8787
13.69	12.8785
13.6883	12.8783
13.6868	12.8782
13.685	12.878
13.6834	12.8778
13.6817	12.8776
13.6801	12.8774
13.6784	12.8772
13.6768	12.877
13.6751	12.8768
13.6735	12.8767
13.6719	12.8765
13.6702	12.8763
13.6686	12.8761
13.6671	12.8759
13.6655	12.8757
13.6638	12.8755
13.6623	12.8753
13.6605	12.8751
13.6605	12.8751
13.6586	12.8748
13.6565	12.8746
13.6549	12.8744
13.6549	12.8744
13.6534	12.8742
13.6516	12.8739
13.65	12.8737
13.65	12.8737
13.6467	12.8733
13.6453	12.8731
13.6437	12.8729
13.6437	12.8729
13.6421	12.8726
13.6403	12.8724
13.6389	12.8722
13.6389	12.8722
13.6371	12.8719
13.6355	12.8717
13.6339	12.8715
13.6339	12.8715
13.6323	12.8712
13.6307	12.871
13.6291	12.8708
13.6291	12.8708
13.6275	12.8705
13.6259	12.8703
13.6243	12.87
13.6243	12.87
13.6227	12.8698
13.621	12.8695
13.6192	12.8693
13.6192	12.8693
13.6176	12.869
13.6163	12.8688
13.6148	12.8685
13.6132	12.8683
13.6116	12.868
13.6103	12.8678
13.6087	12.8676
13.6071	12.8673
13.6056	12.867
13.6039	12.8668
13.6027	12.8665
13.6011	12.8663
13.5995	12.866
13.5981	12.8657
13.5964	12.8654
13.5949	12.8652
13.5936	12.8649
13.592	12.8646
13.5895	12.8642
13.5895	12.8642
13.588	12.8639
13.5864	12.8636
13.5848	12.8633
13.5848	12.8633
13.5833	12.863
13.5816	12.8627
13.5801	12.8624
13.5801	12.8624
13.5785	12.8621
13.5767	12.8618
13.5751	12.8615
13.5751	12.8615
13.5736	12.8611
13.5719	12.8608
13.5705	12.8605
13.5705	12.8605
13.5686	12.8602
13.5671	12.8598
13.5655	12.8595
13.5655	12.8595
13.564	12.8592
13.5625	12.8589
13.5611	12.8586
13.5611	12.8586
13.5595	12.8583
13.558	12.8579
13.5567	12.8577
13.555	12.8573
13.5524	12.8567
13.5509	12.8563
13.5494	12.856
13.5477	12.8556
13.5463	12.8553
13.5448	12.8549
13.5433	12.8546
13.5419	12.8543
13.5404	12.8539
13.539	12.8536
13.5375	12.8532
13.5361	12.8529
13.5346	12.8525
13.5331	12.8521
13.5316	12.8518
13.5316	12.8518
13.5302	12.8514
13.5287	12.8511
13.5273	12.8507
13.5259	12.8503
13.5259	12.8504
13.524	12.8499
13.5225	12.8495
13.5211	12.8491
13.5211	12.8491
13.5197	12.8488
13.5184	12.8484
13.5169	12.8481
13.5157	12.8477
13.5157	12.8477
13.5143	12.8474
13.5129	12.847
13.5115	12.8466
13.5104	12.8463
13.509	12.8459
13.5076	12.8455
13.5058	12.8451
13.5047	12.8447
13.5033	12.8444
13.5018	12.8439
13.5004	12.8435
13.4989	12.8431
13.4972	12.8426
13.4972	12.8426
13.496	12.8423
13.4946	12.8419
13.4931	12.8415
13.4916	12.841
13.4903	12.8406
13.4888	12.8402
13.4876	12.8398
13.4861	12.8394
13.4847	12.839
13.4831	12.8385
13.4819	12.8381
13.4804	12.8377
13.4789	12.8372
13.4774	12.8367
13.4763	12.8364
13.4748	12.8359
13.4732	12.8354
13.4703	12.8345
13.4702	12.8345
13.4687	12.834
13.4672	12.8335
13.4657	12.833
13.4642	12.8325
13.4627	12.832
13.4612	12.8315
13.4597	12.831
13.4578	12.8304
13.4578	12.8304
13.4555	12.8297
13.4539	12.8291
13.4524	12.8286
13.4524	12.8286
13.4508	12.8281
13.4492	12.8275
13.4476	12.827
13.4461	12.8264
13.4446	12.8259
13.4433	12.8255
13.4417	12.8249
13.4405	12.8245
13.4389	12.8239
13.4374	12.8234
13.4361	12.8229
13.4345	12.8224
13.4329	12.8218
13.4315	12.8213
13.4301	12.8208
13.4285	12.8202
13.4268	12.8196
13.4252	12.819
13.4236	12.8184
13.4207	12.8173
13.4207	12.8173
13.4191	12.8167
13.4173	12.816
13.4158	12.8155
13.414	12.8148
13.4122	12.8141
13.4105	12.8135
13.4088	12.8129
13.4075	12.8124
13.4041	12.811
13.4041	12.811
13.4024	12.8104
13.4006	12.8097
13.399	12.8091
13.3971	12.8084
13.394	12.8072
13.3923	12.8065
13.3922	12.8065
13.3905	12.8058
13.3866	12.8043
13.3866	12.8043
13.3849	12.8036
13.383	12.8029
13.3812	12.8022
13.3794	12.8015
13.3775	12.8008
13.3757	12.8
13.3732	12.799
13.3713	12.7983
13.3695	12.7975
13.3679	12.7969
13.3661	12.7962
13.3642	12.7955
13.3627	12.7949
13.3609	12.7941
13.3591	12.7934
13.3572	12.7927
13.3539	12.7914
13.3538	12.7914
13.352	12.7906
13.3503	12.7899
13.3484	12.7892
13.3466	12.7885
13.3449	12.7878
13.3431	12.7871
13.3396	12.7857
13.3395	12.7857
13.3378	12.785
13.3348	12.7838
13.3347	12.7838
13.3313	12.7824
13.3313	12.7824
13.3279	12.7811
13.3263	12.7804
13.3246	12.7798
13.3246	12.7798
13.3213	12.7785
13.3212	12.7784
13.3179	12.7772
13.3179	12.7772
13.3147	12.7759
13.3147	12.7759
13.3113	12.7746
13.3113	12.7746
13.3084	12.7735
13.3067	12.7728
13.3051	12.7722
13.3035	12.7716
13.3018	12.7709
13.3003	12.7703
13.2987	12.7697
13.2987	12.7697
13.2956	12.7685
13.2939	12.7679
13.2923	12.7673
13.2908	12.7667
13.2907	12.7667
13.2882	12.7657
13.2865	12.7651
13.285	12.7645
13.2835	12.764
13.282	12.7634
13.2807	12.7629
13.279	12.7623
13.2775	12.7618
13.276	12.7612
13.2744	12.7606
13.2729	12.7601
13.2717	12.7596
13.2701	12.7591
13.2686	12.7585
13.2672	12.7581
13.266	12.7576
13.2631	12.7566
13.2629	12.7565
13.26	12.7555
13.26	12.7555
13.257	12.7545
13.257	12.7545
13.2555	12.7539
13.2527	12.753
13.2527	12.753
13.2508	12.752
13.249	12.7514
13.2463	12.7505
13.2448	12.75
13.2434	12.7495
13.2434	12.7495
13.2399	12.7481
13.2399	12.7481
13.2369	12.7471
13.2369	12.7471
13.2339	12.7461
13.2339	12.7461
13.2309	12.7451
13.2309	12.7451
13.2282	12.7443
13.2267	12.7438
13.2252	12.7433
13.2252	12.7433
13.2221	12.7424
13.2206	12.7419
13.2191	12.7414
13.2176	12.7409
13.2176	12.741
13.2142	12.7399
13.2142	12.7399
13.2117	12.7392
13.2102	12.7387
13.2087	12.7382
13.2071	12.7378
13.2056	12.7373
13.204	12.7369
13.2026	12.7364
13.2012	12.736
13.1996	12.7356
13.198	12.7351
13.1964	12.7347
13.1949	12.7342
13.1933	12.7337
13.1917	12.7333
13.1901	12.7328
13.1885	12.7324
13.1869	12.7319
13.1853	12.7315
13.1837	12.731
13.182	12.7306
13.1807	12.7302
13.1788	12.7297
13.1773	12.7293
13.1755	12.7288
13.1739	12.7284
13.1723	12.7279
13.1707	12.7275
13.1692	12.7271
13.1676	12.7267
13.1659	12.7262
13.1643	12.7258
13.1627	12.7254
13.1611	12.7249
13.1596	12.7245
13.1581	12.7242
13.1565	12.7238
13.1549	12.7233
13.1536	12.723
13.152	12.7226
13.1503	12.7222
13.1487	12.7218
13.147	12.7213
13.1438	12.7205
13.1438	12.7205
13.1405	12.7197
13.1405	12.7197
13.1388	12.7193
13.1371	12.7189
13.1354	12.7185
13.1341	12.7182
13.1325	12.7178
13.1298	12.7171
13.1281	12.7167
13.1264	12.7163
13.1247	12.7159
13.1229	12.7154
13.1212	12.715
13.1195	12.7146
13.118	12.7143
13.1164	12.7139
13.1147	12.7135
13.1128	12.713
13.1113	12.7127
13.1094	12.7122
13.1078	12.7119
13.1061	12.7115
13.1043	12.7111
13.1026	12.7107
13.1012	12.7103
13.0995	12.71
13.0977	12.7096
13.096	12.7091
13.0942	12.7088
13.0925	12.7084
13.0911	12.7081
13.089	12.7076
13.0873	12.7072
13.0855	12.7068
13.0837	12.7064
13.0823	12.7061
13.0805	12.7057
13.0788	12.7053
13.0756	12.7046
13.0756	12.7046
13.0721	12.7038
13.0721	12.7038
13.0685	12.7031
13.0685	12.703
13.0668	12.7027
13.065	12.7023
13.0632	12.7019
13.0614	12.7015
13.0597	12.7011
13.0565	12.7005
13.0547	12.7001
13.0529	12.6997
13.0529	12.6997
13.051	12.6993
13.0472	12.6985
13.0472	12.6985
13.0454	12.6981
13.0435	12.6977
13.0411	12.6972
13.0393	12.6968
13.0375	12.6965
13.0359	12.6961
13.0342	12.6958
13.0324	12.6954
13.0306	12.695
13.0288	12.6947
13.0274	12.6944
13.0255	12.694
13.0237	12.6936
13.0219	12.6933
13.0201	12.6929
13.0183	12.6925
13.0165	12.6922
13.0146	12.6918
13.0128	12.6914
13.0114	12.6911
13.0096	12.6908
13.0078	12.6904
13.0041	12.6897
13.0041	12.6897
13.0005	12.689
13.0005	12.689
12.9968	12.6883
12.9969	12.6883
12.993	12.6875
12.993	12.6875
12.9912	12.6872
12.9893	12.6868
12.9877	12.6865
12.9858	12.6862
12.9823	12.6855
12.9805	12.6852
12.9786	12.6848
12.9768	12.6845
12.975	12.6841
12.975	12.6841
12.9731	12.6838
12.9713	12.6835
12.9694	12.6831
12.9674	12.6827
12.9637	12.6821
12.9637	12.6821
12.96	12.6814
12.96	12.6814
12.9582	12.6811
12.9563	12.6807
12.9528	12.6801
12.9528	12.6801
12.9499	12.6796
12.9478	12.6792
12.946	12.6789
12.9445	12.6786
12.9426	12.6783
12.9407	12.6779
12.9389	12.6776
12.9369	12.6772
12.9351	12.6769
12.9332	12.6766
12.9313	12.6763
12.9295	12.6759
12.9276	12.6756
12.9257	12.6753
12.9239	12.675
12.922	12.6746
12.9203	12.6743
12.9182	12.674
12.9166	12.6737
12.9147	12.6734
12.9129	12.6731
12.911	12.6727
12.9095	12.6725
12.9076	12.6722
12.9057	12.6718
12.9038	12.6715
12.9021	12.6712
12.9	12.6709
12.8981	12.6706
12.8964	12.6703
12.8947	12.67
12.8928	12.6697
12.8909	12.6693
12.889	12.669
12.8854	12.6684
12.8854	12.6684
12.8833	12.6681
12.8813	12.6678
12.8779	12.6672
12.8779	12.6672
12.8737	12.6665
12.8737	12.6665
12.8718	12.6662
12.8701	12.6659
12.8663	12.6653
12.8663	12.6653
12.8642	12.6649
12.8623	12.6646
12.8589	12.6641
12.8589	12.6641
12.857	12.6638
12.8545	12.6634
12.8524	12.663
12.8505	12.6627
12.8487	12.6624
12.8466	12.6621
12.8449	12.6618
12.843	12.6615
12.8412	12.6612
12.8393	12.6609
12.8374	12.6606
12.8354	12.6603
12.8335	12.66
12.8316	12.6597
12.8297	12.6594
12.8277	12.6591
12.8258	12.6588
12.8239	12.6585
12.822	12.6582
12.82	12.6579
12.8181	12.6576
12.8162	12.6573
12.8142	12.657
12.8127	12.6567
12.8106	12.6564
12.8089	12.6561
12.8067	12.6558
12.8052	12.6556
12.8028	12.6552
12.8011	12.6549
12.799	12.6546
12.7972	12.6543
12.7951	12.654
12.7933	12.6537
12.7912	12.6534
12.7892	12.6531
12.7873	12.6528
12.7853	12.6525
12.7833	12.6522
12.7818	12.652
12.7798	12.6517
12.7778	12.6514
12.7759	12.6511
12.7739	12.6508
12.772	12.6505
12.77	12.6502
12.768	12.6499
12.7661	12.6496
12.7641	12.6493
12.7622	12.649
12.7606	12.6488
12.7587	12.6485
12.756	12.6481
12.7541	12.6478
12.7525	12.6475
12.7506	12.6472
12.7486	12.647
12.7467	12.6467
12.7452	12.6464
12.7432	12.6461
12.7412	12.6459
12.7393	12.6456
12.7373	12.6453
12.7354	12.645
12.7334	12.6447
12.7315	12.6444
12.7295	12.6441
12.7275	12.6438
12.724	12.6433
12.724	12.6433
12.722	12.643
12.72	12.6427
12.716	12.6421
12.716	12.6421
12.7121	12.6415
12.7121	12.6415
12.7081	12.641
12.7081	12.6409
12.7041	12.6404
12.7041	12.6404
12.7021	12.6401
12.7001	12.6398
12.6984	12.6395
12.6962	12.6392
12.6942	12.6389
12.6922	12.6386
12.6903	12.6383
12.6883	12.6381
12.6863	12.6376
12.6843	12.6373
12.6804	12.6367
12.6804	12.6367
12.6765	12.6362
12.6765	12.6362
12.6745	12.6359
12.6725	12.6356
12.6685	12.635
12.6685	12.635
12.6665	12.6347
12.6646	12.6344
12.6626	12.6342
12.659	12.6336
12.659	12.6336
12.6558	12.6332
12.6538	12.6329
12.652	12.6326
12.65	12.6323
12.6482	12.6321
12.6462	12.6318
12.6442	12.6315
12.6424	12.6312
12.6401	12.6309
12.6385	12.6307
12.6366	12.6304
12.6346	12.6301
12.6326	12.6298
12.6306	12.6295
12.6288	12.6293
12.6266	12.6289
12.6251	12.6287
12.6211	12.6281
12.6211	12.6281
12.6171	12.6276
12.6172	12.6276
12.6132	12.627
12.6132	12.627
12.6113	12.6267
12.6093	12.6264
12.6057	12.6259
12.6057	12.6259
12.6013	12.6253
12.6013	12.6253
12.5994	12.625
12.5973	12.6247
12.5933	12.6241
12.5933	12.6241
12.5913	12.6238
12.5893	12.6235
12.5874	12.6232
12.5854	12.623
12.5836	12.6227
12.5818	12.6224
12.5796	12.6221
12.5774	12.6218
12.5756	12.6215
12.5735	12.6212
12.5715	12.6209
12.5699	12.6207
12.5679	12.6204
12.5659	12.6201
12.562	12.6196
12.562	12.6196
12.56	12.6193
12.5577	12.6189
12.5553	12.6186
12.5533	12.6183
12.5514	12.618
12.5494	12.6177
12.5475	12.6174
12.5457	12.6172
12.5437	12.6169
12.5418	12.6166
12.5398	12.6163
12.5379	12.616
12.5359	12.6157
12.534	12.6155
12.532	12.6152
12.5305	12.6149
12.5283	12.6145
12.5264	12.6142
12.5246	12.6139
12.5227	12.6135
12.5188	12.6129
12.5188	12.6129
12.5168	12.6126
12.513	12.612
12.511	12.6117
12.511	12.6117
12.5071	12.6111
12.5071	12.6111
12.5032	12.6106
12.5031	12.6106
12.5012	12.6103
12.4993	12.61
12.4953	12.6094
12.4953	12.6094
12.4914	12.6088
12.4914	12.6088
12.4875	12.6082
12.4875	12.6082
12.4852	12.6079
12.4832	12.6076
12.4813	12.6073
12.4795	12.607
12.4774	12.6067
12.4754	12.6064
12.4735	12.6061
12.4719	12.6059
12.47	12.6056
12.4681	12.6053
12.4646	12.6047
12.4646	12.6047
12.4607	12.6042
12.4607	12.6042
12.4578	12.6037
12.4557	12.6034
12.4539	12.6031
12.4522	12.6029
12.4503	12.6026
12.4484	12.6023
12.4468	12.602
12.4449	12.6017
12.443	12.6014
12.441	12.6011
12.4391	12.6008
12.4371	12.6005
12.4354	12.6003
12.4332	12.5999
12.4313	12.5996
12.4293	12.5993
12.4276	12.599
12.4254	12.5987
12.4219	12.5982
12.4219	12.5982
12.42	12.5979
12.4181	12.5976
12.4162	12.5973
12.4142	12.5969
12.4123	12.5966
12.4108	12.5964
12.4069	12.5958
12.4069	12.5958
12.4031	12.5952
12.4031	12.5952
12.4012	12.5949
12.3992	12.5946
12.3954	12.594
12.3954	12.594
12.3937	12.5937
12.3916	12.5933
12.3877	12.5927
12.3877	12.5927
12.3839	12.5921
12.3838	12.5921
12.38	12.5915
12.38	12.5915
12.3761	12.5909
12.3761	12.5909
12.3723	12.5902
12.3723	12.5902
12.3704	12.5899
12.3685	12.5896
12.365	12.5891
12.365	12.5891
12.3621	12.5886
12.3601	12.5883
12.358	12.5878
12.3561	12.5874
12.3544	12.5872
12.3523	12.5868
12.3508	12.5866
12.3489	12.5862
12.347	12.5859
12.3451	12.5856
12.3432	12.5853
12.3415	12.585
12.3394	12.5847
12.3378	12.5844
12.3359	12.5841
12.334	12.5838
12.3323	12.5835
12.3305	12.5832
12.3286	12.5829
12.3267	12.5825
12.3247	12.5822
12.3212	12.5816
12.3193	12.5813
12.3173	12.581
12.3154	12.5806
12.3135	12.5803
12.3134	12.5803
12.3095	12.5796
12.3095	12.5796
12.3057	12.579
12.3038	12.5786
12.3018	12.5783
12.2999	12.578
12.2999	12.578
12.2979	12.5776
12.296	12.5773
12.2922	12.5766
12.2921	12.5766
12.2883	12.576
12.2883	12.576
12.286	12.5756
12.284	12.5752
12.2821	12.5749
12.2802	12.5745
12.2783	12.5742
12.2763	12.5739
12.2744	12.5735
12.2725	12.5732
12.269	12.5726
12.269	12.5726
12.2671	12.5722
12.264	12.5717
12.262	12.5713
12.2603	12.571
12.2585	12.5707
12.2566	12.5704
12.2546	12.57
12.2527	12.5697
12.2507	12.5693
12.2488	12.569
12.2469	12.5686
12.2449	12.5683
12.2431	12.568
12.241	12.5676
12.239	12.5672
12.2373	12.5669
12.2355	12.5666
12.2336	12.5662
12.2316	12.5659
12.2301	12.5656
12.2281	12.5653
12.2261	12.5649
12.2244	12.5646
12.2225	12.5642
12.2207	12.5639
12.2188	12.5635
12.2168	12.5632
12.2149	12.5628
12.2112	12.5622
12.2112	12.5622
12.2071	12.5614
12.2071	12.5614
12.2051	12.561
12.2031	12.5607
12.2012	12.5603
12.1994	12.56
12.1957	12.5593
12.1956	12.5592
12.1917	12.5585
12.1898	12.5582
12.1897	12.5581
12.1877	12.5578
12.1858	12.5574
12.1818	12.5567
12.1798	12.5563
12.1798	12.5563
12.1779	12.5559
12.1759	12.5556
12.172	12.5548
12.172	12.5548
12.17	12.5545
12.1684	12.5542
12.1659	12.5537
12.1638	12.5533
12.1618	12.5529
12.1599	12.5525
12.1577	12.5521
12.1557	12.5518
12.1538	12.5514
12.1518	12.551
12.1499	12.5506
12.148	12.5503
12.146	12.5499
12.1441	12.5495
12.1421	12.5491
12.1403	12.5488
12.1386	12.5485
12.1366	12.5481
12.1348	12.5477
12.1329	12.5474
12.1309	12.547
12.1287	12.5466
12.1252	12.5459
12.1252	12.5459
12.1232	12.5455
12.1196	12.5448
12.1177	12.5444
12.1157	12.5441
12.1137	12.5437
12.1118	12.5433
12.1117	12.5433
12.1077	12.5425
12.1058	12.5421
12.1037	12.5417
12.1018	12.5414
12.0998	12.541
12.0998	12.541
12.0958	12.5402
12.0938	12.5398
12.0918	12.5394
12.0918	12.5394
12.0879	12.5386
12.0859	12.5383
12.0859	12.5383
12.0839	12.5379
12.08	12.5371
12.08	12.5371
12.0763	12.5364
12.0742	12.536
12.0721	12.5355
12.0721	12.5355
12.0682	12.5348
12.0682	12.5348
12.0647	12.5341
12.0635	12.5339
12.0615	12.5335
12.0598	12.5332
12.0584	12.5329
12.0564	12.5325
12.0545	12.5322
12.0527	12.5318
12.0505	12.5314
12.0485	12.531
12.0466	12.5306
12.0446	12.5302
12.0426	12.5298
12.0408	12.5295
12.0389	12.5291
12.0367	12.5287
12.0347	12.5283
12.0327	12.5279
12.0307	12.5275
12.0288	12.5272
12.0268	12.5268
12.025	12.5264
12.023	12.526
12.0209	12.5256
12.0189	12.5252
12.0173	12.5249
12.015	12.5245
12.0132	12.5241
12.011	12.5237
12.0094	12.5234
12.0071	12.5229
12.0055	12.5226
12.0035	12.5223
12.0013	12.5218
11.9995	12.5215
11.9975	12.5211
11.9955	12.5207
11.9935	12.5203
11.9917	12.52
11.9896	12.5196
11.9876	12.5192
11.9856	12.5188
11.984	12.5185
11.982	12.5181
11.98	12.5177
11.9781	12.5173
11.9763	12.517
11.9745	12.5166
11.9726	12.5163
11.9706	12.5159
11.9685	12.5155
11.9659	12.515
11.964	12.5146
11.962	12.5142
11.9603	12.5139
11.9581	12.5135
11.9565	12.5132
11.9545	12.5128
11.9526	12.5124
11.951	12.5121
11.9491	12.5117
11.9471	12.5113
11.9452	12.511
11.9417	12.5103
11.9417	12.5103
11.9377	12.5095
11.9377	12.5095
11.9353	12.5091
11.9338	12.5088
11.9316	12.5083
11.9298	12.508
11.9259	12.5072
11.9259	12.5072
11.9237	12.5068
11.9215	12.5064
11.9195	12.506
11.9178	12.5057
11.9156	12.5053
11.9139	12.5049
11.9119	12.5045
11.9101	12.5042
11.9081	12.5038
11.9062	12.5034
11.9045	12.5031
11.9025	12.5027
11.9006	12.5023
11.8986	12.502
11.8949	12.5012
11.8949	12.5012
11.893	12.5009
11.891	12.5005
11.8891	12.5001
11.8856	12.4995
11.8836	12.4991
11.8817	12.4987
11.8797	12.4983
11.8778	12.498
11.8778	12.498
11.8739	12.4972
11.872	12.4969
11.872	12.4969
11.8694	12.4964
11.8671	12.4959
11.865	12.4955
11.863	12.4951
11.8611	12.4948
11.8592	12.4944
11.8572	12.494
11.8553	12.4936
11.8535	12.4933
11.8516	12.4929
11.8494	12.4925
11.8477	12.4922
11.8456	12.4918
11.8436	12.4914
11.8417	12.491
11.8399	12.4907
11.8378	12.4903
11.8361	12.49
11.8339	12.4896
11.8324	12.4893
11.8304	12.4889
11.8283	12.4885
11.8265	12.4882
11.8245	12.4878
11.8228	12.4874
11.8208	12.4871
11.8189	12.4867
11.817	12.4864
11.8152	12.486
11.8133	12.4857
11.8113	12.4853
11.8094	12.4849
11.8075	12.4846
11.8057	12.4843
11.8037	12.4839
11.8016	12.4835
11.7998	12.4832
11.7981	12.4829
11.7962	12.4825
11.7942	12.4821
11.7927	12.4818
11.7903	12.4814
11.7868	12.4808
11.7868	12.4808
11.7829	12.4801
11.7829	12.4801
11.7792	12.4794
11.7792	12.4794
11.7771	12.479
11.7736	12.4784
11.7736	12.4784
11.7705	12.4778
11.7685	12.4775
11.7666	12.4771
11.7649	12.4768
11.7631	12.4765
11.7612	12.4761
11.7593	12.4758
11.7573	12.4754
11.7556	12.4751
11.7539	12.4748
11.752	12.4745
11.7483	12.4738
11.7483	12.4738
11.7443	12.4731
11.7443	12.4731
11.7408	12.4725
11.7408	12.4725
11.737	12.4718
11.737	12.4718
11.735	12.4714
11.7315	12.4708
11.7315	12.4708
11.7275	12.4701
11.7253	12.4697
11.7253	12.4697
11.7214	12.469
11.7214	12.469
11.7195	12.4687
11.7177	12.4684
11.7141	12.4677
11.7141	12.4677
11.7102	12.467
11.7102	12.467
11.7061	12.4663
11.7061	12.4663
11.7023	12.4656
11.7023	12.4656
11.6984	12.465
11.6984	12.465
11.6946	12.4643
11.6946	12.4643
11.6926	12.464
11.6909	12.4637
11.6871	12.463
11.6871	12.463
11.6833	12.4623
11.6833	12.4623
11.6794	12.4617
11.6794	12.4617
11.6776	12.4613
11.6753	12.4609
11.673	12.4605
11.6712	12.4602
11.6693	12.4598
11.6676	12.4595
11.6656	12.4592
11.6639	12.4589
11.662	12.4586
11.66	12.4583
11.6581	12.4579
11.6564	12.4576
11.6546	12.4573
11.6528	12.457
11.6493	12.4564
11.6493	12.4564
11.6454	12.4558
11.6454	12.4558
11.6414	12.4551
11.6414	12.4551
11.6374	12.4544
11.6374	12.4544
11.6355	12.4541
11.6336	12.4538
11.6301	12.4532
11.6301	12.4532
11.6263	12.4526
11.6263	12.4526
11.6225	12.4519
11.6225	12.4519
11.6186	12.4513
11.6186	12.4513
11.6148	12.4507
11.6148	12.4507
11.611	12.45
11.6109	12.4501
11.6071	12.4494
11.6071	12.4494
11.6033	12.4488
11.6033	12.4488
11.6013	12.4485
11.5994	12.4482
11.5956	12.4475
11.5956	12.4475
11.5917	12.4469
11.5917	12.4469
11.5881	12.4463
11.5881	12.4463
11.5862	12.446
11.584	12.4457
11.5805	12.4451
11.5804	12.4451
11.5774	12.4446
11.5757	12.4443
11.5738	12.444
11.5719	12.4437
11.5704	12.4435
11.5685	12.4432
11.5666	12.4429
11.5647	12.4426
11.5628	12.4423
11.5613	12.4421
11.5594	12.4418
11.5575	12.4415
11.5558	12.4412
11.5537	12.4409
11.552	12.4406
11.5501	12.4403
11.5464	12.4398
11.5464	12.4398
11.5428	12.4392
11.5428	12.4392
11.5404	12.4388
11.5387	12.4386
11.5365	12.4382
11.5348	12.438
11.5311	12.4374
11.5311	12.4374
11.5271	12.4368
11.5271	12.4368
11.5251	12.4365
11.5232	12.4362
11.521	12.4359
11.5187	12.4355
11.517	12.4352
11.515	12.4349
11.5131	12.4346
11.5111	12.4343
11.5094	12.4341
11.5075	12.4338
11.5056	12.4335
11.5038	12.4333
11.5017	12.4329
11.5002	12.4327
11.498	12.4324
11.4961	12.4321
11.4924	12.4316
11.4924	12.4316
11.4886	12.431
11.4886	12.431
11.4847	12.4304
11.4847	12.4304
11.4821	12.43
11.4796	12.4296
11.4777	12.4294
11.4759	12.4291
11.474	12.4288
11.4722	12.4286
11.4702	12.4283
11.4683	12.428
11.4663	12.4277
11.4644	12.4274
11.4624	12.4271
11.4605	12.4268
11.4589	12.4266
11.4566	12.4263
11.4548	12.426
11.4527	12.4257
11.4511	12.4255
11.4492	12.4252
11.4472	12.4249
11.4455	12.4247
11.4435	12.4244
11.4416	12.4241
11.4398	12.4238
11.4378	12.4235
11.4359	12.4232
11.4339	12.423
11.4322	12.4227
11.4302	12.4224
11.4283	12.4221
11.4265	12.4219
11.4228	12.4213
11.4228	12.4213
11.4208	12.4211
11.417	12.4205
11.4148	12.4202
11.4128	12.4199
11.4128	12.4199
11.4088	12.4194
11.4068	12.4191
11.4068	12.4191
11.4028	12.4185
11.4028	12.4185
11.3986	12.4179
11.3986	12.4179
11.3949	12.4173
11.3949	12.4174
11.3907	12.4168
11.3907	12.4168
11.3869	12.4162
11.3869	12.4162
11.3847	12.4159
11.3825	12.4156
11.3798	12.4152
11.3778	12.4149
11.3758	12.4146
11.3742	12.4144
11.3722	12.4141
11.3703	12.4139
11.3686	12.4136
11.3667	12.4133
11.3647	12.4131
11.3627	12.4128
11.3607	12.4125
11.3587	12.4122
11.3567	12.4119
11.3551	12.4117
11.3531	12.4114
11.3511	12.4111
11.3493	12.4109
11.3471	12.4106
11.3453	12.4103
11.3433	12.41
11.3395	12.4095
11.3395	12.4095
11.3373	12.4092
11.3353	12.4089
11.3315	12.4084
11.3315	12.4084
11.3275	12.4078
11.3275	12.4078
11.3235	12.4073
11.3235	12.4073
11.3213	12.4069
11.3177	12.4064
11.3157	12.4062
11.3157	12.4062
11.3116	12.4056
11.3116	12.4056
11.3076	12.405
11.3076	12.405
11.3056	12.4047
11.3036	12.4045
11.2995	12.4039
11.2994	12.4039
11.2957	12.4033
11.2957	12.4033
11.2915	12.4028
11.2915	12.4028
11.2876	12.4022
11.2876	12.4022
11.2839	12.4017
11.2838	12.4017
11.2808	12.4013
11.2787	12.401
11.2766	12.4007
11.2749	12.4004
11.2728	12.4002
11.2709	12.3999
11.2689	12.3996
11.267	12.3993
11.2649	12.399
11.2631	12.3988
11.2611	12.3985
11.2591	12.3982
11.2573	12.398
11.2553	12.3977
11.2533	12.3974
11.2515	12.3972
11.2495	12.3969
11.2476	12.3966
11.2456	12.3963
11.2438	12.3961
11.2418	12.3958
11.2398	12.3955
11.2377	12.3952
11.2357	12.3949
11.2337	12.3946
11.2322	12.3944
11.2302	12.3941
11.2282	12.3938
11.2247	12.3933
11.2247	12.3933
11.221	12.3928
11.2209	12.3928
11.217	12.3922
11.217	12.3922
11.213	12.3917
11.213	12.3917
11.209	12.3911
11.209	12.3911
11.2052	12.3905
11.2051	12.3905
11.2012	12.3899
11.2012	12.3899
11.1972	12.3893
11.1972	12.3893
11.1932	12.3888
11.1932	12.3888
11.1895	12.3882
11.1895	12.3882
11.1856	12.3876
11.1856	12.3876
11.1834	12.3873
11.1806	12.3869
11.1787	12.3866
11.1767	12.3863
11.1748	12.386
11.1728	12.3858
11.1709	12.3855
11.169	12.3852
11.1671	12.3849
11.1654	12.3846
11.1632	12.3843
11.1617	12.3841
11.1598	12.3838
11.1578	12.3835
11.1561	12.3833
11.154	12.3829
11.1523	12.3827
11.1506	12.3824
11.1486	12.3821
11.1468	12.3819
11.1451	12.3816
11.1432	12.3813
11.1393	12.3807
11.1393	12.3807
11.1354	12.3801
11.1354	12.3801
11.1315	12.3795
11.1315	12.3795
11.1296	12.3792
11.1276	12.3789
11.1238	12.3783
11.1238	12.3783
11.1199	12.3777
11.1199	12.3777
11.118	12.3774
11.1156	12.377
11.1138	12.3767
11.1122	12.3765
11.1103	12.3762
11.1084	12.3759
11.1066	12.3756
11.1046	12.3753
11.1008	12.3748
11.1008	12.3748
11.0972	12.3742
11.0974	12.3743
11.0936	12.3736
11.0936	12.3736
11.0916	12.3734
11.0882	12.3728
11.0882	12.3728
11.0865	12.3726
11.0839	12.3722
11.082	12.3719
11.0804	12.3717
11.0785	12.3714
11.0766	12.371
11.0745	12.3707
11.0709	12.3701
11.0709	12.3701
11.069	12.3698
11.0671	12.3695
11.0652	12.3692
11.0635	12.3689
11.0599	12.3683
11.0599	12.3683
11.0562	12.3677
11.0562	12.3677
11.0525	12.367
11.0524	12.3671
11.0487	12.3664
11.0487	12.3664
11.0464	12.3661
11.0447	12.3658
11.041	12.3652
11.041	12.3652
11.0373	12.3645
11.0373	12.3645
11.0336	12.3639
11.0336	12.3639
11.0299	12.3632
11.0299	12.3632
11.0261	12.3626
11.0261	12.3626
11.0225	12.362
11.0225	12.362
11.0206	12.3616
11.0187	12.3613
11.0152	12.3607
11.0152	12.3607
11.0132	12.3603
11.0113	12.36
11.0079	12.3594
11.0079	12.3594
11.0057	12.359
11.0038	12.3586
11.0001	12.358
11.0001	12.358
10.9982	12.3576
10.9964	12.3573
10.9945	12.357
10.9928	12.3567
10.9904	12.3562
10.9883	12.3558
10.9864	12.3555
10.9846	12.3551
10.9831	12.3549
10.9813	12.3545
10.9795	12.3542
10.9778	12.3539
10.9758	12.3535
10.9742	12.3532
10.9725	12.3529
10.9707	12.3525
10.9691	12.3522
10.9671	12.3518
10.9655	12.3515
10.9636	12.3512
10.9618	12.3508
10.96	12.3504
10.9584	12.3502
10.9566	12.3498
10.9548	12.3494
10.9531	12.3491
10.9513	12.3488
10.9497	12.3485
10.9461	12.3477
10.9461	12.3477
10.9423	12.347
10.9423	12.347
10.9389	12.3463
10.9389	12.3463
10.9351	12.3455
10.9351	12.3455
10.9315	12.3448
10.9315	12.3448
10.9279	12.3441
10.9279	12.3441
10.9244	12.3433
10.9244	12.3433
10.9208	12.3426
10.9208	12.3426
10.919	12.3422
10.9172	12.3419
10.914	12.3412
10.9123	12.3408
10.9105	12.3404
10.9105	12.3404
10.907	12.3397
10.9052	12.3393
10.9034	12.3389
10.9034	12.3389
10.9017	12.3386
10.8994	12.3381
10.8975	12.3377
10.8959	12.3373
10.894	12.3369
10.8926	12.3366
10.8908	12.3362
10.8891	12.3358
10.8859	12.3352
10.8859	12.3352
10.8842	12.3348
10.8824	12.3344
10.8807	12.334
10.8775	12.3333
10.8775	12.3333
10.8742	12.3325
10.8723	12.3321
10.8705	12.3317
10.8705	12.3317
10.8671	12.3309
10.8671	12.3309
10.8639	12.3302
10.862	12.3297
10.8605	12.3294
10.8584	12.3289
10.8567	12.3285
10.8567	12.3285
10.8534	12.3277
10.8534	12.3277
10.8515	12.3273
10.8498	12.3269
10.8468	12.3261
10.8467	12.3261
10.8433	12.3253
10.8433	12.3253
10.8399	12.3245
10.8382	12.3241
10.8365	12.3237
10.8349	12.3232
10.8332	12.3228
10.8331	12.3228
10.8298	12.322
10.8298	12.322
10.8262	12.3211
10.8262	12.3211
10.823	12.3203
10.823	12.3203
10.8197	12.3194
10.8197	12.3194
10.818	12.319
10.8146	12.3181
10.8146	12.3181
10.812	12.3174
10.8103	12.317
10.8086	12.3166
10.807	12.3161
10.8055	12.3157
10.8037	12.3153
10.8021	12.3148
10.8004	12.3144
10.7989	12.314
10.7972	12.3135
10.7959	12.3131
10.7941	12.3126
10.7926	12.3123
10.7909	12.3118
10.7893	12.3114
10.7879	12.311
10.7861	12.3105
10.7846	12.3101
10.7829	12.3096
10.7817	12.3092
10.7801	12.3088
10.7785	12.3083
10.777	12.3079
10.7753	12.3074
10.7725	12.3066
10.7724	12.3066
10.7694	12.3057
10.7694	12.3057
10.7663	12.3048
10.7663	12.3048
10.7633	12.3039
10.7633	12.3039
10.7602	12.303
10.7602	12.303
10.7586	12.3025
10.7558	12.3017
10.7558	12.3017
10.7527	12.3007
10.7512	12.3002
10.7496	12.2998
10.748	12.2993
10.7464	12.2988
10.7449	12.2983
10.7434	12.2978
10.7418	12.2973
10.7403	12.2968
10.7384	12.2963
10.7384	12.2963
10.7354	12.2953
10.7353	12.2953
10.7331	12.2946
10.7315	12.294
10.7299	12.2935
10.7285	12.293
10.727	12.2925
10.7255	12.2921
10.724	12.2916
10.7225	12.291
10.7211	12.2905
10.7197	12.29
10.7181	12.2895
10.7168	12.289
10.7152	12.2885
10.7138	12.288
10.7124	12.2874
10.7112	12.287
10.7098	12.2865
10.7083	12.286
10.7069	12.2855
10.7054	12.285
10.7042	12.2845
10.7028	12.284
10.7012	12.2834
10.6999	12.2829
10.6984	12.2823
10.6969	12.2818
10.6954	12.2813
10.694	12.2807
10.6924	12.2801
10.6911	12.2796
10.6897	12.2791
10.6883	12.2786
10.6868	12.278
10.6856	12.2775
10.684	12.277
10.6827	12.2765
10.6813	12.2759
10.6798	12.2754
10.6784	12.2748
10.677	12.2743
10.6756	12.2738
10.6743	12.2732
10.673	12.2727
10.6716	12.2722
10.6705	12.2717
10.6691	12.2712
10.6678	12.2707
10.6664	12.2701
10.6651	12.2696
10.6639	12.2691
10.6627	12.2686
10.6606	12.2678
10.6594	12.2673
10.658	12.2667
10.6567	12.2662
10.6554	12.2656
10.6554	12.2656
10.6543	12.2652
10.6528	12.2646
10.6517	12.2641
10.6503	12.2635
10.6489	12.263
10.6489	12.263
10.6476	12.2625
10.6464	12.2619
10.6451	12.2614
10.644	12.2608
10.6428	12.2603
10.6415	12.2597
10.6403	12.2592
10.6391	12.2587
10.638	12.2582
10.637	12.2576
10.6358	12.2571
10.6345	12.2565
10.6333	12.256
10.632	12.2555
10.6308	12.2549
10.6297	12.2544
10.6284	12.2538
10.6273	12.2533
10.6261	12.2528
10.6251	12.2523
10.6239	12.2518
10.6227	12.2512
10.6218	12.2507
10.6205	12.2501
10.6194	12.2496
10.6182	12.249
10.6172	12.2486
10.616	12.248
10.6149	12.2475
10.6138	12.247
10.6125	12.2464
10.6104	12.2454
10.6104	12.2454
10.6081	12.2443
10.6081	12.2443
10.6058	12.2432
10.6058	12.2432
10.6047	12.2426
10.6035	12.242
10.602	12.2413
10.6008	12.2407
10.5996	12.2401
10.5985	12.2396
10.5973	12.239
10.5963	12.2385
10.5951	12.2379
10.5942	12.2374
10.5931	12.2369
10.5919	12.2363
10.591	12.2358
10.5899	12.2352
10.5887	12.2347
10.5877	12.2341
10.5865	12.2335
10.5857	12.2331
10.5846	12.2325
10.5835	12.232
10.5813	12.2308
10.5813	12.2308
10.5792	12.2297
10.5782	12.2292
10.577	12.2286
10.577	12.2286
10.5749	12.2274
10.5748	12.2274
10.5727	12.2262
10.5727	12.2262
10.5705	12.2251
10.5705	12.2251
10.5695	12.2245
10.5684	12.2239
10.5674	12.2233
10.5666	12.2227
10.5655	12.2221
10.5635	12.221
10.5624	12.2204
10.5613	12.2198
10.5603	12.2192
10.5594	12.2186
10.5584	12.218
10.5573	12.2174
10.5575	12.2174
10.5554	12.2162
10.5544	12.2155
10.5533	12.2149
10.5533	12.2149
10.5512	12.2137
10.5512	12.2137
10.5493	12.2126
10.5493	12.2126
10.5477	12.2117
10.5458	12.2106
10.5458	12.2106
10.5439	12.2095
10.5439	12.2095
10.5417	12.2081
10.5416	12.2082
10.5395	12.2068
10.5395	12.2068
10.5375	12.2056
10.5375	12.2056
10.5363	12.205
10.5354	12.2044
10.5333	12.2031
10.5333	12.2031
10.5314	12.2019
10.5314	12.2019
10.5302	12.2012
10.5291	12.2005
10.528	12.1998
10.5271	12.1993
10.5261	12.1986
10.525	12.198
10.5239	12.1973
10.5231	12.1967
10.5221	12.1961
10.521	12.1954
10.52	12.1948
10.5189	12.1941
10.5171	12.1929
10.516	12.1922
10.515	12.1916
10.515	12.1916
10.5139	12.1909
10.5119	12.1896
10.5109	12.1889
10.5109	12.1889
10.5098	12.1881
10.5078	12.1868
10.5067	12.1861
10.5067	12.1861
10.5055	12.1853
10.5037	12.1841
10.5025	12.1833
10.5025	12.1833
10.5014	12.1825
10.5004	12.1819
10.4994	12.1811
10.4975	12.1799
10.4964	12.1791
10.4964	12.1791
10.4947	12.1779
10.4936	12.1772
10.4926	12.1765
10.4918	12.1759
10.4907	12.1752
10.4897	12.1744
10.4887	12.1737
10.4876	12.1729
10.4866	12.1722
10.4856	12.1716
10.4836	12.1701
10.4836	12.1701
10.4815	12.1686
10.4815	12.1686
10.4803	12.1678
10.4792	12.167
10.4773	12.1656
10.4773	12.1656
10.4761	12.1647
10.4751	12.164
10.4739	12.1631
10.473	12.1624
10.4719	12.1616
10.4708	12.1608
10.4686	12.1591
10.4686	12.1591
10.4664	12.1575
10.4664	12.1575
10.4651	12.1565
10.4642	12.1558
10.462	12.1541
10.462	12.1541
10.4609	12.1532
10.4597	12.1524
10.4576	12.1507
10.4576	12.1507
10.4564	12.1498
10.4553	12.1489
10.4531	12.1472
10.4531	12.1472
10.4509	12.1455
10.4509	12.1455
10.4497	12.1445
10.4486	12.1437
10.4474	12.1427
10.4463	12.1418
10.4452	12.141
10.4441	12.1401
10.442	12.1384
10.442	12.1384
10.4404	12.1371
10.4393	12.1362
10.4381	12.1352
10.437	12.1343
10.436	12.1335
10.4348	12.1325
10.4337	12.1316
10.4325	12.1306
10.4303	12.1288
10.4303	12.1288
10.4292	12.1278
10.428	12.1268
10.4259	12.125
10.4259	12.125
10.4233	12.1229
10.4233	12.1229
10.422	12.1218
10.4209	12.1208
10.4187	12.1189
10.4175	12.1179
10.4163	12.1168
10.4163	12.1168
10.4139	12.1148
10.4139	12.1148
10.4115	12.1127
10.4115	12.1127
10.4091	12.1106
10.4091	12.1106
10.4067	12.1085
10.4067	12.1085
10.4043	12.1063
10.4043	12.1063
10.402	12.1042
10.402	12.1042
10.3996	12.1021
10.3996	12.1021
10.3972	12.0999
10.3972	12.0999
10.3948	12.0977
10.3948	12.0977
10.3924	12.0956
10.3924	12.0956
10.39	12.0934
10.39	12.0934
10.3888	12.0923
10.3876	12.0912
10.3853	12.089
10.3853	12.089
10.3842	12.0879
10.3829	12.0867
10.3818	12.0857
10.3801	12.084
10.379	12.083
10.3778	12.0819
10.3767	12.0809
10.3756	12.0797
10.3744	12.0786
10.3733	12.0776
10.3721	12.0764
10.3711	12.0754
10.3699	12.0743
10.3687	12.0731
10.3676	12.072
10.3663	12.0708
10.3653	12.0697
10.3641	12.0686
10.363	12.0675
10.3618	12.0664
10.3595	12.0641
10.3595	12.0641
10.3573	12.0619
10.3573	12.0619
10.3549	12.0595
10.3549	12.0595
10.3525	12.0571
10.3525	12.0571
10.3502	12.0547
10.3502	12.0547
10.3488	12.0534
10.3476	12.0521
10.3454	12.0499
10.3454	12.0499
10.343	12.0474
10.343	12.0474
10.3406	12.045
10.3406	12.045
10.3382	12.0425
10.3382	12.0425
10.3358	12.04
10.3358	12.04
10.3335	12.0377
10.3335	12.0377
10.331	12.0351
10.331	12.0351
10.3287	12.0326
10.3287	12.0326
10.3261	12.03
10.3261	12.03
10.3251	12.0288
10.3237	12.0274
10.3226	12.0263
10.3212	12.0247
10.3196	12.023
10.3184	12.0218
10.3172	12.0206
10.3159	12.0192
10.3149	12.0181
10.3137	12.0168
10.3126	12.0156
10.3114	12.0143
10.3102	12.013
10.309	12.0118
10.3077	12.0104
10.3066	12.0092
10.3053	12.0077
10.3042	12.0066
10.3029	12.0052
10.3018	12.0041
10.3006	12.0027
10.2994	12.0014
10.2983	12.0002
10.297	11.9989
10.2959	11.9977
10.2947	11.9963
10.2923	11.9937
10.2923	11.9937
10.2899	11.9912
10.2899	11.9912
10.2875	11.9885
10.2875	11.9885
10.2849	11.9857
10.2849	11.9857
10.2824	11.983
10.2824	11.983
10.2799	11.9802
10.2799	11.9802
10.2776	11.9774
10.2776	11.9774
10.275	11.9745
10.275	11.9745
10.2737	11.9731
10.2724	11.9717
10.2711	11.9703
10.27	11.969
10.2674	11.9662
10.2677	11.9662
10.2651	11.9633
10.2651	11.9633
10.2628	11.9604
10.2628	11.9604
10.2613	11.9588
10.26	11.9574
10.2581	11.9553
10.2568	11.9538
10.2555	11.9524
10.2542	11.951
10.2528	11.9494
10.2517	11.9481
10.2502	11.9465
10.2492	11.9453
10.2482	11.9439
10.2469	11.9424
10.2459	11.9411
10.2446	11.9397
10.2435	11.9384
10.2422	11.937
10.2409	11.9355
10.2398	11.9342
10.2385	11.9328
10.2373	11.9315
10.2361	11.9301
10.2348	11.9286
10.2338	11.9273
10.2324	11.9257
10.2314	11.9245
10.2301	11.9231
10.2277	11.9201
10.2279	11.9201
10.2253	11.9172
10.2253	11.9172
10.2228	11.9144
10.2228	11.9144
10.2202	11.9115
10.2202	11.9115
10.2178	11.9087
10.2178	11.9087
10.2152	11.9058
10.2152	11.9058
10.2124	11.9026
10.2124	11.9027
10.2101	11.8998
10.2101	11.8998
10.2074	11.8967
10.2074	11.8967
10.2062	11.8951
10.205	11.8938
10.2025	11.891
10.2025	11.891
10.1999	11.888
10.1999	11.888
10.1973	11.8851
10.1973	11.8851
10.1959	11.8835
10.1939	11.8812
10.1926	11.8798
10.1914	11.8784
10.1902	11.8771
10.1889	11.8756
10.1876	11.8741
10.1863	11.8726
10.1851	11.8713
10.1837	11.8696
10.1825	11.8683
10.181	11.8666
10.18	11.8654
10.1786	11.8639
10.1773	11.8624
10.1762	11.8611
10.1749	11.8596
10.1737	11.8583
10.1724	11.8568
10.1711	11.8553
10.1698	11.8538
10.1685	11.8524
10.166	11.8496
10.166	11.8496
10.1646	11.848
10.1633	11.8465
10.162	11.845
10.1607	11.8435
10.1594	11.842
10.1582	11.8407
10.1558	11.8379
10.1558	11.8379
10.1533	11.8348
10.1533	11.8348
10.1519	11.8333
10.1509	11.8319
10.1495	11.8302
10.1471	11.8275
10.1459	11.8259
10.1446	11.8244
10.1448	11.8244
10.1422	11.8215
10.1422	11.8215
10.1396	11.8185
10.1396	11.8185
10.1367	11.8153
10.1368	11.8153
10.1341	11.8123
10.1341	11.8123
10.1318	11.8096
10.1303	11.8079
10.1303	11.8079
10.1282	11.8055
10.1269	11.804
10.1255	11.8024
10.1244	11.8012
10.1231	11.7997
10.1218	11.7982
10.1205	11.7967
10.1192	11.7952
10.1179	11.7937
10.1166	11.7922
10.1154	11.7909
10.1142	11.7896
10.113	11.7881
10.1118	11.7868
10.1093	11.7839
10.1093	11.784
10.108	11.7825
10.1067	11.781
10.1041	11.778
10.1041	11.778
10.1028	11.7765
10.1015	11.775
10.1002	11.7736
10.0989	11.7721
10.0962	11.7691
10.0962	11.7691
10.0937	11.7661
10.0937	11.7661
10.0924	11.7647
10.0911	11.7632
10.0898	11.7617
10.0885	11.7602
10.0872	11.7587
10.0858	11.7572
10.0847	11.7559
10.0835	11.7546
10.081	11.7517
10.081	11.7517
10.0784	11.7487
10.0784	11.7487
10.0771	11.7473
10.0748	11.7446
10.0748	11.7446
10.0722	11.7417
10.0722	11.7417
10.0696	11.7388
10.0683	11.7373
10.067	11.7358
10.067	11.7358
10.0644	11.7328
10.0644	11.7329
10.0626	11.7308
10.0613	11.7293
10.06	11.7278
10.0587	11.7264
10.0574	11.7249
10.0563	11.7236
10.0548	11.722
10.0538	11.7208
10.0525	11.7193
10.0502	11.7167
10.0502	11.7167
10.0476	11.7138
10.0477	11.7138
10.0463	11.7122
10.045	11.7108
10.0436	11.7092
10.0424	11.7079
10.04	11.7051
10.04	11.7051
10.0374	11.7022
10.0374	11.7022
10.0348	11.6992
10.0348	11.6992
10.0322	11.6963
10.0322	11.6963
10.0309	11.6949
10.0296	11.6934
10.0285	11.6921
10.0272	11.6907
10.0245	11.6876
10.0245	11.6876
10.0219	11.6847
10.0219	11.6847
10.0206	11.6832
10.0193	11.6818
10.018	11.6803
10.0168	11.6789
10.0156	11.6775
10.0141	11.6759
10.013	11.6747
10.0116	11.673
10.0104	11.6717
10.009	11.6701
10.0078	11.6688
10.0064	11.6672
10.0052	11.6659
10.004	11.6646
10.0015	11.6617
10.0015	11.6617
10.0002	11.6602
9.99873	11.6586
9.99703	11.6567
9.99576	11.6553
9.99446	11.6538
9.99329	11.6525
9.99199	11.6511
9.99082	11.6497
9.98956	11.6483
9.98826	11.6469
9.98711	11.6456
9.98571	11.644
9.98454	11.6427
9.98311	11.6411
9.98199	11.6398
9.98069	11.6384
9.97943	11.6369
9.97799	11.6353
9.97681	11.634
9.97555	11.6326
9.97425	11.6312
9.97296	11.6297
9.97171	11.6283
9.97042	11.6269
9.96915	11.6255
9.96798	11.6242
9.96667	11.6227
9.9654	11.6213
9.96292	11.6185
9.96292	11.6185
9.96138	11.6168
9.96022	11.6155
9.95894	11.6141
9.95751	11.6125
9.95621	11.6111
9.95496	11.6097
9.95366	11.6082
9.95236	11.6068
9.95123	11.6055
9.94994	11.6041
9.94854	11.6026
9.94724	11.6011
9.94594	11.5997
9.94494	11.5986
9.94364	11.5972
9.94235	11.5957
9.94003	11.5932
9.94003	11.5932
9.93747	11.5904
9.93747	11.5904
9.935	11.5877
9.93502	11.5877
9.93282	11.5853
9.93152	11.5839
9.93024	11.5825
9.92894	11.5811
9.92779	11.5798
9.92634	11.5783
9.92518	11.577
9.92376	11.5754
9.92271	11.5743
9.92139	11.5729
9.92012	11.5715
9.91895	11.5702
9.91768	11.5688
9.91651	11.5675
9.91521	11.5661
9.91409	11.5649
9.9116	11.5622
9.9116	11.5622
9.90904	11.5594
9.90904	11.5594
9.90779	11.558
9.90651	11.5566
9.90418	11.5541
9.9042	11.5542
9.90161	11.5514
9.90161	11.5514
9.89892	11.5485
9.89892	11.5485
9.89764	11.5471
9.89634	11.5457
9.89374	11.5429
9.89378	11.5429
9.89118	11.5401
9.89118	11.5401
9.88859	11.5374
9.88859	11.5374
9.88599	11.5346
9.88599	11.5346
9.88338	11.5318
9.8834	11.5318
9.88077	11.529
9.88077	11.529
9.87948	11.5276
9.87817	11.5262
9.87689	11.5248
9.87559	11.5235
9.87324	11.521
9.87326	11.521
9.87063	11.5182
9.87063	11.5182
9.86936	11.5168
9.86729	11.5147
9.86602	11.5133
9.86472	11.5119
9.86366	11.5108
9.8624	11.5095
9.86111	11.5081
9.8598	11.5067
9.85853	11.5054
9.85737	11.5041
9.85591	11.5026
9.85478	11.5014
9.85333	11.4999
9.85219	11.4987
9.85074	11.4972
9.84956	11.4959
9.84815	11.4944
9.84709	11.4933
9.84582	11.492
9.84452	11.4906
9.84336	11.4894
9.84195	11.4879
9.83959	11.4855
9.83959	11.4855
9.837	11.4828
9.837	11.4828
9.83457	11.4802
9.83457	11.4802
9.83325	11.4789
9.83211	11.4777
9.82948	11.475
9.82948	11.475
9.8269	11.4723
9.8269	11.4723
9.82429	11.4696
9.82429	11.4696
9.82166	11.4669
9.82169	11.4669
9.81922	11.4643
9.81922	11.4643
9.81648	11.4615
9.81648	11.4615
9.8152	11.4602
9.81387	11.4588
9.81139	11.4563
9.81142	11.4563
9.80865	11.4535
9.80865	11.4535
9.80614	11.4509
9.80614	11.4509
9.80469	11.4494
9.80338	11.4481
9.80165	11.4463
9.80036	11.445
9.79918	11.4438
9.79769	11.4423
9.79639	11.4409
9.79506	11.4396
9.7939	11.4384
9.79255	11.437
9.79134	11.4358
9.79002	11.4345
9.78866	11.4331
9.78746	11.4319
9.78602	11.4304
9.78482	11.4292
9.78336	11.4277
9.78228	11.4266
9.78093	11.4252
9.77961	11.4239
9.77854	11.4228
9.77719	11.4215
9.77466	11.4189
9.77466	11.4189
9.7732	11.4174
9.77198	11.4162
9.7694	11.4136
9.76942	11.4136
9.7667	11.4109
9.7667	11.4109
9.76537	11.4095
9.76262	11.4068
9.76262	11.4068
9.76012	11.4043
9.75859	11.4028
9.75869	11.4028
9.75732	11.4015
9.75482	11.399
9.75353	11.3977
9.75216	11.3963
9.75085	11.395
9.74947	11.3936
9.74807	11.3922
9.74676	11.3909
9.74536	11.3895
9.74397	11.3882
9.74262	11.3868
9.74121	11.3854
9.73985	11.384
9.73843	11.3826
9.73703	11.3812
9.73706	11.3813
9.73524	11.3795
9.7334	11.3776
9.73202	11.3763
9.7306	11.3748
9.72932	11.3736
9.72785	11.3721
9.72658	11.3709
9.72512	11.3694
9.7237	11.368
9.72242	11.3667
9.72111	11.3654
9.71983	11.3642
9.71852	11.3629
9.7171	11.3615
9.71567	11.3601
9.71443	11.3588
9.71314	11.3575
9.71171	11.3561
9.71046	11.3549
9.70917	11.3536
9.70764	11.3521
9.70606	11.3505
9.70476	11.3493
9.70323	11.3477
9.7018	11.3463
9.70037	11.3449
9.69914	11.3437
9.69756	11.3421
9.69629	11.3409
9.69471	11.3393
9.69342	11.338
9.69189	11.3365
9.69061	11.3352
9.68903	11.3337
9.68652	11.3312
9.68652	11.3312
9.68387	11.3286
9.68387	11.3286
9.6809	11.3256
9.68095	11.3257
9.67812	11.3229
9.67812	11.3229
9.67546	11.3202
9.67546	11.3202
9.67267	11.3175
9.67267	11.3175
9.67113	11.3159
9.66977	11.3146
9.66723	11.3121
9.66723	11.3121
9.66531	11.3102
9.66364	11.3085
9.66225	11.3071
9.66088	11.3058
9.65948	11.3044
9.65811	11.303
9.65672	11.3016
9.65534	11.3003
9.65398	11.2989
9.65272	11.2977
9.6512	11.2961
9.64997	11.2949
9.64845	11.2934
9.6471	11.2921
9.64571	11.2907
9.6446	11.2896
9.64325	11.2882
9.64187	11.2868
9.64052	11.2855
9.63929	11.2843
9.63806	11.283
9.63673	11.2817
9.63536	11.2803
9.63413	11.2791
9.63284	11.2778
9.63161	11.2766
9.63031	11.2752
9.62896	11.2739
9.62789	11.2728
9.62659	11.2715
9.62524	11.2702
9.62283	11.2677
9.62155	11.2664
9.62022	11.2651
9.61892	11.2638
9.61758	11.2624
9.6161	11.2609
9.61476	11.2596
9.61476	11.2596
9.61208	11.2569
9.61076	11.2556
9.60943	11.2542
9.6081	11.2529
9.60676	11.2515
9.60544	11.2502
9.60544	11.2502
9.60411	11.2488
9.60277	11.2475
9.60145	11.2461
9.59893	11.2436
9.59893	11.2436
9.59749	11.2421
9.59563	11.2402
9.59433	11.2389
9.59302	11.2375
9.59171	11.2362
9.59067	11.2351
9.58937	11.2338
9.58808	11.2325
9.58688	11.2313
9.58546	11.2298
9.58427	11.2286
9.58182	11.2261
9.58182	11.2261
9.57924	11.2234
9.57924	11.2234
9.57666	11.2208
9.57666	11.2208
9.57538	11.2194
9.57408	11.2181
9.57153	11.2155
9.57153	11.2155
9.56898	11.2128
9.56898	11.2128
9.56641	11.2102
9.56641	11.2102
9.56515	11.2088
9.56376	11.2074
9.5626	11.2062
9.56123	11.2047
9.55997	11.2034
9.5586	11.202
9.55733	11.2006
9.55607	11.1993
9.55382	11.1969
9.5538	11.1969
9.5513	11.1943
9.55128	11.1943
9.54889	11.1918
9.54889	11.1918
9.54753	11.1903
9.5453	11.188
9.54407	11.1867
9.54283	11.1853
9.54159	11.184
9.54035	11.1827
9.53912	11.1814
9.5379	11.1801
9.5379	11.1801
9.53544	11.1774
9.53424	11.1761
9.53423	11.1761
9.53253	11.1743
9.53132	11.173
9.53009	11.1717
9.52903	11.1705
9.52776	11.1692
9.52646	11.1678
9.52527	11.1665
9.52434	11.1654
9.52316	11.1641
9.52196	11.1628
9.52077	11.1615
9.51957	11.1602
9.51837	11.1589
9.51719	11.1576
9.51599	11.1562
9.51494	11.155
9.51365	11.1536
9.51248	11.1523
9.51033	11.1499
9.51033	11.1499
9.50797	11.1473
9.50797	11.1473
9.50566	11.1447
9.50565	11.1447
9.50334	11.1422
9.50334	11.1422
9.50106	11.1395
9.50106	11.1395
9.49899	11.1372
9.49784	11.1359
9.4967	11.1346
9.49672	11.1346
9.49446	11.132
9.49446	11.132
9.49221	11.1295
9.49221	11.1295
9.49107	11.1282
9.48884	11.1256
9.48772	11.1243
9.48773	11.1243
9.48553	11.1217
9.48553	11.1217
9.48331	11.1192
9.48331	11.1192
9.48221	11.1179
9.48023	11.1156
9.47912	11.1143
9.478	11.113
9.478	11.113
9.47582	11.1104
9.47581	11.1104
9.4743	11.1086
9.4733	11.1075
9.47212	11.1061
9.47113	11.1049
9.46995	11.1035
9.46895	11.1023
9.46779	11.1009
9.46584	11.0986
9.46584	11.0986
9.4638	11.0962
9.4638	11.0962
9.46168	11.0936
9.46167	11.0936
9.45956	11.0911
9.45956	11.0911
9.45758	11.0887
9.45758	11.0887
9.45632	11.0871
9.45528	11.0859
9.45425	11.0846
9.45322	11.0833
9.4513	11.0809
9.4513	11.0809
9.45005	11.0794
9.44911	11.0782
9.44794	11.0767
9.44701	11.0756
9.446	11.0743
9.44498	11.073
9.44311	11.0706
9.44311	11.0706
9.44211	11.0694
9.44112	11.0681
9.43914	11.0656
9.43914	11.0656
9.43719	11.0631
9.43711	11.063
9.43614	11.0617
9.43518	11.0605
9.43419	11.0592
9.43323	11.058
9.43228	11.0567
9.43133	11.0555
9.43044	11.0543
9.42941	11.053
9.42771	11.0507
9.42771	11.0507
9.42574	11.0481
9.42574	11.0481
9.42481	11.0469
9.4235	11.0451
9.42238	11.0436
9.42145	11.0424
9.42053	11.0411
9.41963	11.0399
9.41868	11.0387
9.41778	11.0374
9.41695	11.0363
9.416	11.035
9.41519	11.0339
9.41425	11.0326
9.41345	11.0315
9.41254	11.0302
9.41168	11.0291
9.41084	11.0279
9.41002	11.0267
9.40916	11.0256
9.40841	11.0245
9.40753	11.0233
9.4069	11.0224
9.4061	11.0212
9.40531	11.0202
9.40469	11.0192
9.40392	11.0181
9.40313	11.017
9.40243	11.016
9.40173	11.015
9.40103	11.014
9.4003	11.0129
9.39958	11.0119
9.3989	11.0109
9.39757	11.009
9.39757	11.009
9.39687	11.0079
9.39614	11.0069
9.39485	11.0049
9.39485	11.0049
9.39338	11.0027
9.39338	11.0027
9.39271	11.0017
9.39203	11.0007
9.39084	10.9989
9.39083	10.9989
9.39004	10.9977
9.38938	10.9967
9.38867	10.9956
9.38803	10.9946
9.38686	10.9928
9.38686	10.9928
9.3856	10.9908
9.38559	10.9908
9.38471	10.9895
9.38408	10.9885
9.38345	10.9875
9.38295	10.9867
9.38229	10.9857
9.38168	10.9847
9.3806	10.983
9.38056	10.9829
9.37937	10.981
9.37937	10.981
9.37817	10.9791
9.37817	10.9791
9.37697	10.9771
9.37697	10.9771
9.3758	10.9752
9.37574	10.9751
9.37517	10.9742
9.37462	10.9733
9.37341	10.9713
9.37341	10.9713
9.37233	10.9695
9.37177	10.9685
9.37119	10.9675
9.37118	10.9676
9.37061	10.9666
9.36948	10.9647
9.36947	10.9647
9.36838	10.9628
9.36778	10.9618
9.36778	10.9618
9.36667	10.9598
9.36665	10.9598
9.36554	10.9579
9.36554	10.9579
9.3645	10.956
9.3645	10.956
9.36348	10.9542
9.36348	10.9542
9.36239	10.9522
9.36244	10.9523
9.36135	10.9503
9.36135	10.9503
9.36033	10.9484
9.36033	10.9484
9.35979	10.9475
9.35932	10.9466
9.35826	10.9446
9.35829	10.9447
9.35723	10.9427
9.35723	10.9427
9.35673	10.9417
9.35589	10.9402
9.35536	10.9392
9.35489	10.9382
9.35437	10.9372
9.35389	10.9363
9.35338	10.9353
9.35289	10.9344
9.35236	10.9333
9.35195	10.9325
9.35148	10.9316
9.35096	10.9306
9.35048	10.9296
9.35012	10.9289
9.34961	10.9279
9.3491	10.9269
9.34865	10.9259
9.34818	10.925
9.34779	10.9242
9.34729	10.9232
9.34679	10.9221
9.34642	10.9214
9.34546	10.9194
9.34546	10.9194
9.34452	10.9174
9.34452	10.9174
9.34404	10.9164
9.34357	10.9154
9.34309	10.9144
9.34264	10.9135
9.34226	10.9126
9.34171	10.9115
9.34089	10.9097
9.34089	10.9097
9.34037	10.9085
9.33989	10.9075
9.33942	10.9065
9.33903	10.9055
9.33813	10.9035
9.33813	10.9035
9.33728	10.9016
9.33728	10.9016
9.33638	10.8996
9.33638	10.8996
9.33546	10.8975
9.3355	10.8976
9.33504	10.8965
9.33458	10.8955
9.33375	10.8934
9.33375	10.8934
9.33329	10.8924
9.33281	10.8912
9.33225	10.8899
9.33189	10.8889
9.33144	10.8879
9.33099	10.8868
9.33062	10.8859
9.33015	10.8848
9.32982	10.8838
9.32938	10.8827
9.32896	10.8818
9.32855	10.8807
9.32813	10.8797
9.32766	10.8786
9.32731	10.8775
9.32687	10.8765
9.32653	10.8756
9.32607	10.8744
9.32565	10.8734
9.32528	10.8724
9.32488	10.8714
9.32443	10.8703
9.32406	10.8693
9.32364	10.8682
9.32334	10.8672
9.32298	10.8663
9.32256	10.8652
9.32222	10.8643
9.3218	10.8632
9.32141	10.8622
9.32102	10.8611
9.32063	10.8601
9.3202	10.859
9.31984	10.8579
9.31944	10.8569
9.31916	10.8559
9.31881	10.855
9.31841	10.8539
9.31814	10.8529
9.31776	10.8518
9.31747	10.851
9.31706	10.8499
9.31666	10.8488
9.31632	10.8478
9.31561	10.8458
9.31561	10.8458
9.31519	10.8446
9.31479	10.8434
9.31446	10.8424
9.31409	10.8414
9.31336	10.8393
9.31343	10.8394
9.3128	10.8376
9.31242	10.8365
9.3121	10.8354
9.31179	10.8345
9.31141	10.8334
9.31104	10.8322
9.31074	10.8313
9.31041	10.8303
9.31006	10.8292
9.30966	10.8281
9.30934	10.827
9.30897	10.8259
9.30867	10.8248
9.30833	10.8238
9.30793	10.8226
9.30764	10.8216
9.30725	10.8203
9.30689	10.8192
9.30656	10.8181
9.30621	10.817
9.30588	10.8159
9.30554	10.8148
9.30518	10.8136
9.30488	10.8125
9.3045	10.8113
9.30415	10.8101
9.30383	10.809
9.30349	10.8078
9.30317	10.8067
9.30283	10.8055
9.30252	10.8045
9.30221	10.8033
9.30185	10.8021
9.30149	10.8009
9.3012	10.7998
9.30084	10.7986
9.30022	10.7963
9.30022	10.7963
9.2995	10.7938
9.29955	10.7938
9.29883	10.7913
9.29883	10.7913
9.2982	10.7889
9.2982	10.7889
9.29759	10.7866
9.29759	10.7866
9.29683	10.7838
9.29688	10.7839
9.29622	10.7814
9.29622	10.7814
9.29587	10.78
9.29535	10.778
9.29505	10.7767
9.29471	10.7755
9.29434	10.774
9.29406	10.7728
9.2937	10.7714
9.2934	10.7702
9.29308	10.7689
9.29268	10.7673
9.29239	10.766
9.29202	10.7645
9.29166	10.7631
9.29142	10.762
9.29107	10.7605
9.29075	10.7592
9.29046	10.7578
9.29008	10.7563
9.28981	10.7551
9.2895	10.7537
9.28915	10.7522
9.28885	10.7508
9.2885	10.7493
9.28823	10.7481
9.28759	10.7451
9.28759	10.7451
9.2873	10.7437
9.28696	10.7422
9.28663	10.7407
9.28633	10.7393
9.28574	10.7365
9.28574	10.7365
9.28512	10.7335
9.28512	10.7335
9.28454	10.7307
9.28454	10.7307
9.2839	10.7276
9.28395	10.7277
9.28332	10.7246
9.28332	10.7246
9.28271	10.7215
9.28271	10.7215
9.2822	10.7187
9.2822	10.7187
9.28158	10.7156
9.28163	10.7157
9.28102	10.7126
9.28102	10.7126
9.28047	10.7095
9.28047	10.7095
9.28013	10.7077
9.27985	10.7061
9.27946	10.7039
9.27927	10.7028
9.27898	10.7012
9.27869	10.6996
9.27847	10.6982
9.27816	10.6965
9.27794	10.6951
9.27766	10.6935
9.27742	10.6921
9.27718	10.6906
9.27691	10.689
9.27666	10.6875
9.27619	10.6846
9.27619	10.6846
9.27592	10.6828
9.27565	10.6812
9.27536	10.6794
9.27516	10.678
9.27487	10.6763
9.27461	10.6746
9.2744	10.6731
9.27415	10.6716
9.27371	10.6685
9.27371	10.6685
9.27342	10.6667
9.27324	10.6653
9.27273	10.6619
9.27273	10.6619
9.27227	10.6587
9.27227	10.6587
9.27206	10.6571
9.27181	10.6554
9.27132	10.652
9.27136	10.6521
9.27111	10.6504
9.27087	10.6487
9.27068	10.6472
9.27042	10.6454
9.27004	10.6424
9.27004	10.6424
9.2698	10.6406
9.26941	10.6376
9.26918	10.6359
9.26894	10.6341
9.26876	10.6325
9.26853	10.6308
9.2683	10.629
9.26811	10.6274
9.26811	10.6274
9.26789	10.6256
9.26765	10.6236
9.26739	10.6215
9.26722	10.6199
9.267	10.6181
9.26683	10.6165
9.2666	10.6147
9.26621	10.6115
9.26625	10.6116
9.26581	10.608
9.26581	10.608
9.26542	10.6046
9.26542	10.6046
9.265	10.6008
9.265	10.6008
9.26458	10.5972
9.26462	10.5973
9.26438	10.5952
9.26417	10.5935
9.2638	10.59
9.2638	10.59
9.26357	10.5878
9.26337	10.5861
9.26312	10.5839
9.26296	10.5822
9.26271	10.5801
9.26251	10.5783
9.26231	10.5762
9.26211	10.5745
9.26193	10.5726
9.26173	10.5709
9.26127	10.567
9.26134	10.5671
9.26091	10.5634
9.26091	10.5634
9.26073	10.5614
9.26051	10.5595
9.26033	10.558
9.25996	10.5544
9.25974	10.5525
9.2598	10.5526
9.25937	10.549
9.25937	10.549
9.25922	10.5473
9.25903	10.5457
9.25858	10.542
9.25866	10.5421
9.25826	10.5388
9.25832	10.5389
9.25791	10.5357
9.25791	10.5357
9.25775	10.534
9.25739	10.5311
9.25729	10.5298
9.25705	10.528
9.25688	10.5267
9.25677	10.5252
9.25656	10.5237
9.2564	10.5224
9.25625	10.5209
9.25604	10.5194
9.2558	10.5176
9.25568	10.5164
9.25544	10.5146
9.25531	10.5132
9.25509	10.5117
9.25491	10.5104
9.25477	10.5089
9.25456	10.5074
9.25443	10.5062
9.25416	10.5044
9.25397	10.5032
9.2538	10.5018
9.25335	10.4989
9.25335	10.4989
9.25297	10.496
9.25297	10.496
9.25276	10.4944
9.25251	10.4928
9.252	10.4897
9.25208	10.4899
9.25154	10.4866
9.25154	10.4866
9.25128	10.4848
9.25104	10.4833
9.25085	10.4818
9.25059	10.4803
9.25	10.4769
9.25	10.4769
9.2494	10.4735
9.2494	10.4735
9.24912	10.4717
9.2488	10.47
9.24817	10.4665
9.24817	10.4665
9.24756	10.4631
9.24756	10.4631
9.24686	10.4593
9.24686	10.4593
9.2462	10.4557
9.2462	10.4557
9.24588	10.454
9.24538	10.4513
9.24501	10.4493
9.24468	10.4476
9.24434	10.4457
9.24401	10.4439
9.24368	10.4422
9.24334	10.4404
9.24301	10.4386
9.24268	10.4369
9.24236	10.4351
9.24206	10.4336
9.24174	10.4318
9.24146	10.4303
9.24115	10.4287
9.24086	10.4271
9.24056	10.4255
9.24028	10.424
9.24	10.4224
9.23975	10.421
9.23952	10.4198
9.23922	10.4181
9.23898	10.4169
9.23873	10.4154
9.23847	10.4141
9.23824	10.4128
9.23798	10.4113
9.23779	10.4102
9.23753	10.4087
9.23729	10.4073
9.23707	10.4061
9.23687	10.4049
9.23665	10.4037
9.23644	10.4025
9.23624	10.4013
9.23606	10.4003
9.23587	10.3992
9.23569	10.398
9.23549	10.397
9.23531	10.3958
9.23517	10.395
9.23499	10.3939
9.23482	10.3928
9.23468	10.392
9.23435	10.3899
9.23435	10.3899
9.23403	10.3879
9.23403	10.3879
9.23372	10.3859
9.23372	10.3859
9.23343	10.3838
9.2334	10.3838
9.23318	10.3822
9.23307	10.3814
9.23291	10.3804
9.23278	10.3794
9.23264	10.3785
9.23251	10.3775
9.23241	10.3767
9.23227	10.3758
9.23215	10.3748
9.23203	10.3738
9.2319	10.3728
9.23179	10.3719
9.23167	10.3709
9.23157	10.37
9.23146	10.3691
9.23137	10.3683
9.23127	10.3674
9.23118	10.3665
9.23106	10.3656
9.23097	10.3647
9.23086	10.3638
9.23077	10.3629
9.23069	10.362
9.23061	10.3613
9.23046	10.3595
9.23046	10.3595
9.23029	10.3577
9.23029	10.3577
9.23015	10.356
9.23015	10.356
9.23004	10.3544
9.23003	10.3545
9.22997	10.3536
9.22986	10.3519
9.22978	10.3511
9.22978	10.3511
9.22973	10.3503
9.22963	10.3486
9.22958	10.3477
9.22956	10.3477
9.22952	10.3468
9.22945	10.3451
9.22941	10.3443
9.22941	10.3443
9.22937	10.3426
9.22937	10.3426
9.22931	10.3409
9.22928	10.3409
9.22924	10.3392
9.22924	10.3392
9.22921	10.3384
9.22918	10.3372
9.22917	10.3363
9.22914	10.3355
9.22912	10.3347
9.22912	10.3338
9.22911	10.333
9.22911	10.3323
9.2291	10.3313
9.2291	10.3304
9.22915	10.3296
9.22915	10.3288
9.22916	10.3279
9.22921	10.3272
9.22922	10.3263
9.22923	10.3254
9.22923	10.3247
9.22924	10.3239
9.22925	10.3229
9.22927	10.3222
9.22929	10.3214
9.2293	10.3205
9.22933	10.3196
9.22936	10.3187
9.22941	10.3171
9.22941	10.3171
9.22946	10.3153
9.22946	10.3153
9.2295	10.3144
9.22954	10.3135
9.22963	10.3117
9.22963	10.3117
9.22973	10.3098
9.22973	10.3098
9.22983	10.3079
9.22983	10.3079
9.22994	10.3061
9.22995	10.306
9.23007	10.3041
9.23007	10.3041
9.2302	10.3022
9.2302	10.3022
9.23026	10.3013
9.23033	10.3003
9.2304	10.2994
9.23047	10.2984
9.23061	10.2967
9.23061	10.2967
9.23077	10.2947
9.23077	10.2947
9.23085	10.2937
9.23097	10.2924
9.23109	10.2912
9.23116	10.2904
9.23126	10.2894
9.23136	10.2884
9.23146	10.2874
9.23156	10.2864
9.23164	10.2856
9.23175	10.2846
9.23186	10.2836
9.23197	10.2826
9.23206	10.2817
9.2322	10.2806
9.23231	10.2795
9.23244	10.2785
9.23266	10.2766
9.23266	10.2766
9.23292	10.2746
9.23292	10.2745
9.23319	10.2725
9.23319	10.2725
9.23346	10.2704
9.23346	10.2704
9.23361	10.2693
9.23375	10.2683
9.23389	10.2673
9.23404	10.2662
9.23419	10.2651
9.23434	10.2641
9.2345	10.2631
9.23465	10.262
9.23494	10.2601
9.23494	10.2601
9.23527	10.2579
9.23527	10.2579
9.23561	10.2558
9.23561	10.2558
9.23597	10.2536
9.23597	10.2536
9.23615	10.2525
9.23633	10.2513
9.2367	10.2491
9.2367	10.2491
9.23707	10.2469
9.23707	10.2469
9.23747	10.2447
9.23747	10.2447
9.23789	10.2424
9.23789	10.2424
9.23829	10.2401
9.23831	10.2401
9.23864	10.2383
9.23886	10.2371
9.23903	10.2362
9.23926	10.235
9.23949	10.2338
9.23973	10.2325
9.23997	10.2313
9.24022	10.2299
9.24048	10.2286
9.24073	10.2274
9.24097	10.2262
9.24125	10.2248
9.24154	10.2234
9.24183	10.2219
9.24213	10.2205
9.24244	10.219
9.24274	10.2175
9.24305	10.216
9.24339	10.2145
9.24367	10.2132
9.24404	10.2115
9.24437	10.2099
9.24464	10.2087
9.245	10.2071
9.24535	10.2055
9.2457	10.2039
9.24605	10.2023
9.24642	10.2007
9.24675	10.1992
9.24709	10.1977
9.24784	10.1945
9.24786	10.1945
9.24824	10.1928
9.24862	10.1912
9.24931	10.1882
9.24931	10.1882
9.2501	10.1848
9.25012	10.1848
9.25092	10.1815
9.25094	10.1815
9.25174	10.1782
9.25174	10.1782
9.25256	10.1748
9.25256	10.1748
9.2534	10.1714
9.2534	10.1714
9.25424	10.168
9.25427	10.168
9.25512	10.1646
9.25512	10.1646
9.25559	10.1629
9.2562	10.1605
9.25666	10.1588
9.2571	10.1571
9.25755	10.1554
9.258	10.1536
9.25845	10.1519
9.2589	10.1501
9.25938	10.1485
9.25983	10.1467
9.26032	10.1451
9.26078	10.1433
9.26124	10.1415
9.26174	10.1398
9.26211	10.1384
9.26258	10.1366
9.26308	10.135
9.26355	10.1332
9.26405	10.1315
9.26453	10.1297
9.26501	10.1279
9.26542	10.1266
9.26591	10.1248
9.26639	10.123
9.26695	10.1211
9.26739	10.1194
9.2683	10.1163
9.2683	10.1163
9.26929	10.1126
9.26931	10.1127
9.27031	10.1091
9.27031	10.1091
9.27081	10.1073
9.2713	10.1055
9.27221	10.1022
9.27221	10.1022
9.27333	10.0981
9.27333	10.0981
9.27384	10.0963
9.27435	10.0944
9.27487	10.0926
9.27537	10.0908
9.2759	10.0889
9.27641	10.0871
9.27692	10.0852
9.27738	10.0836
9.27836	10.08
9.27836	10.08
9.27935	10.0765
9.27935	10.0765
9.28039	10.0727
9.2804	10.0728
9.28112	10.0701
9.28165	10.0683
9.28216	10.0664
9.28268	10.0646
9.28315	10.0629
9.28362	10.0612
9.28414	10.0593
9.28467	10.0575
9.28515	10.0558
9.28573	10.0537
9.28626	10.0518
9.28679	10.0499
9.28728	10.0482
9.28786	10.0461
9.28834	10.0444
9.28883	10.0426
9.2899	10.0388
9.28991	10.0388
9.29045	10.0368
9.29099	10.0349
9.29202	10.0313
9.29202	10.0313
9.2925	10.0295
9.29314	10.0275
9.29373	10.0253
9.29433	10.0235
9.29529	10.0201
9.29529	10.0201
9.29643	10.0164
9.29643	10.0164
9.2975	10.0125
9.29757	10.0126
9.29864	10.0088
9.29871	10.0089
9.29978	10.0051
9.29978	10.0051
9.30087	10.0015
9.30087	10.0015
9.30199	9.99748
9.30206	9.99762
9.30269	9.99532
9.30327	9.9935
9.3038	9.99157
9.30434	9.98964
9.30492	9.98781
9.30545	9.98591
9.30587	9.98438
9.30645	9.98258
9.30697	9.98069
9.30755	9.97888
9.30818	9.97662
9.30882	9.97434
9.3094	9.97257
9.30992	9.97069
9.31045	9.96881
9.31104	9.96705
9.3115	9.96536
9.31214	9.96343
9.31256	9.96193
9.31308	9.96005
9.31364	9.9583
9.31417	9.9564
9.31469	9.95452
9.31523	9.95274
9.31575	9.95087
9.31624	9.9493
9.31671	9.9476
9.31723	9.94572
9.31779	9.94394
9.31831	9.94205
9.31877	9.94038
9.31939	9.93843
9.3198	9.93693
9.32038	9.93517
9.32089	9.93329
9.32141	9.93142
9.3224	9.9282
9.3224	9.9282
9.32291	9.92635
9.32347	9.92462
9.32449	9.92088
9.32454	9.92098
9.32556	9.91726
9.32556	9.91726
9.32659	9.91382
9.32659	9.91382
9.32767	9.90988
9.32771	9.90998
9.32868	9.9064
9.32874	9.90652
9.3298	9.9026
9.3298	9.9026
9.33088	9.89893
9.33088	9.89893
9.33189	9.89519
9.33194	9.8953
9.33295	9.89157
9.33298	9.89166
9.33398	9.88795
9.33398	9.88795
9.33452	9.8862
9.3351	9.88403
9.3357	9.88182
9.33623	9.88013
9.33666	9.87852
9.33727	9.87665
9.33765	9.87521
9.33813	9.8734
9.33866	9.8717
9.33913	9.86992
9.33961	9.86812
9.34013	9.86642
9.3406	9.86463
9.34112	9.86294
9.34159	9.86117
9.34202	9.85956
9.34258	9.85766
9.343	9.85604
9.34353	9.85403
9.34399	9.8527
9.34447	9.85085
9.345	9.84912
9.34548	9.84727
9.34596	9.84542
9.34649	9.84367
9.34697	9.84182
9.3474	9.84018
9.34793	9.83847
9.34836	9.83681
9.34889	9.83511
9.34979	9.83163
9.34979	9.83163
9.35072	9.82821
9.35072	9.82821
9.35166	9.82456
9.3517	9.82465
9.35217	9.82283
9.35304	9.81964
9.3535	9.81782
9.35401	9.81584
9.35406	9.81594
9.35493	9.81253
9.35538	9.81073
9.35589	9.80906
9.35634	9.80728
9.35682	9.80559
9.35682	9.80559
9.35771	9.80204
9.35774	9.80212
9.35862	9.79857
9.35862	9.79857
9.35912	9.7969
9.3596	9.79496
9.36022	9.79274
9.36066	9.79095
9.36105	9.78937
9.36149	9.78783
9.36196	9.78588
9.36236	9.78426
9.36283	9.78257
9.36326	9.78079
9.36375	9.77909
9.36461	9.77552
9.36461	9.77552
9.36503	9.77402
9.36551	9.77204
9.36593	9.77027
9.36639	9.76856
9.36676	9.76697
9.36728	9.76511
9.36766	9.76352
9.36812	9.76156
9.36799	9.75703
9.36849	9.75487
9.36882	9.75344
9.36935	9.75141
9.36971	9.74983
9.37021	9.74798
9.37057	9.74643
9.37102	9.74447
9.37149	9.74284
9.37189	9.74109
9.37221	9.73967
9.37211	9.73463
9.37284	9.73132
9.37261	9.7319
9.37342	9.72819
9.37342	9.72819
9.3742	9.72497
9.3742	9.72497
9.37496	9.72142
9.37503	9.72154
9.37578	9.71803
9.37585	9.71814
9.3766	9.71463
9.3766	9.71463
9.37739	9.71128
9.37739	9.71128
9.37813	9.70781
9.37818	9.70793
9.37891	9.70445
9.37896	9.70455
9.37932	9.70283
9.37989	9.70006
9.3803	9.69843
9.38062	9.69689
9.38094	9.6953
9.38134	9.69368
9.3817	9.69194
9.38208	9.69029
9.38243	9.68856
9.38278	9.68683
9.38318	9.68519
9.38346	9.68379
9.38381	9.68206
9.38419	9.68042
9.38453	9.67869
9.38492	9.67703
9.38527	9.67529
9.38561	9.67354
9.38601	9.67189
9.38634	9.67015
9.38668	9.66842
9.38699	9.66713
9.38733	9.66539
9.38768	9.66373
9.38801	9.66197
9.38834	9.66025
9.38867	9.65879
9.38903	9.65685
9.38937	9.65508
9.38974	9.65343
9.39003	9.65187
9.39041	9.65018
9.39073	9.64847
9.39106	9.64666
9.3914	9.64519
9.39172	9.64341
9.39238	9.63981
9.39241	9.63992
9.39306	9.63635
9.39306	9.63635
9.39374	9.63283
9.39374	9.63283
9.39442	9.62931
9.39442	9.62931
9.39503	9.62588
9.39507	9.626
9.39536	9.62435
9.39604	9.62081
9.39636	9.61898
9.39636	9.61898
9.39702	9.61544
9.39702	9.61544
9.39753	9.6125
9.39784	9.61096
9.39819	9.60893
9.39845	9.60755
9.39877	9.60572
9.39908	9.60389
9.3994	9.60212
9.39971	9.60027
9.40003	9.59841
9.40035	9.59682
9.40065	9.59499
9.40102	9.59305
9.40127	9.59155
9.40158	9.58968
9.40192	9.5879
9.40223	9.58602
9.40252	9.58432
9.40288	9.58235
9.40316	9.58065
9.40351	9.57868
9.40382	9.57677
9.40407	9.57524
9.40439	9.57342
9.4047	9.57153
9.40498	9.56981
9.40534	9.56781
9.40597	9.56394
9.40597	9.56394
9.4063	9.5621
9.40662	9.56017
9.40718	9.55678
9.40718	9.55678
9.4078	9.5529
9.4078	9.55299
9.40839	9.54931
9.40839	9.54931
9.40904	9.54533
9.40904	9.54533
9.40962	9.54172
9.40962	9.54172
9.41029	9.53758
9.41027	9.53766
9.4109	9.53376
9.41089	9.53386
9.41152	9.52994
9.41152	9.52994
9.41218	9.52607
9.41218	9.52607
9.41281	9.52213
9.41281	9.52221
9.41313	9.52024
9.41357	9.51747
9.41389	9.51559
9.4142	9.51361
9.41448	9.51193
9.41476	9.51016
9.41507	9.50823
9.41539	9.50636
9.41563	9.50481
9.41594	9.50297
9.41625	9.50105
9.41653	9.49932
9.41685	9.49735
9.41716	9.49544
9.41746	9.49357
9.41773	9.49196
9.41831	9.48841
9.4183	9.48849
9.41891	9.48477
9.41891	9.48477
9.4195	9.48113
9.4195	9.48113
9.42011	9.47743
9.4201	9.47752
9.42071	9.47381
9.42071	9.47381
9.42144	9.46814
9.42144	9.46814
9.42173	9.4664
9.42204	9.46454
9.42265	9.46085
9.42265	9.46094
9.4232	9.45762
9.4232	9.4577
9.42381	9.45406
9.42381	9.45406
9.42415	9.45212
9.42449	9.45012
9.42477	9.44847
9.42509	9.44658
9.42565	9.44334
9.42565	9.44334
9.42627	9.4398
9.42627	9.4398
9.42684	9.43646
9.42684	9.43646
9.42747	9.43288
9.42745	9.43296
9.42808	9.42941
9.42808	9.42941
9.4284	9.42756
9.42872	9.42576
9.42914	9.42344
9.42946	9.42167
9.42978	9.41992
9.43009	9.41824
9.4304	9.41649
9.43067	9.41498
9.43102	9.4131
9.43131	9.41152
9.43158	9.41007
9.4319	9.40833
9.43222	9.40661
9.43253	9.40496
9.43283	9.40338
9.43309	9.40194
9.43341	9.40025
9.43374	9.39853
9.43405	9.3969
9.43435	9.39537
9.43496	9.39218
9.43495	9.39227
9.43561	9.38891
9.43561	9.38891
9.43625	9.38563
9.43625	9.38563
9.4369	9.38237
9.4369	9.38237
9.43757	9.37904
9.43754	9.3791
9.43821	9.37578
9.43821	9.37578
9.43884	9.37278
9.43884	9.37278
9.43949	9.36917
9.43949	9.36917
9.43983	9.36753
9.44015	9.36592
9.4405	9.3643
9.44084	9.36269
9.44147	9.3597
9.44147	9.3597
9.44226	9.35501
9.4426	9.35344
9.44322	9.35058
9.44364	9.34774
9.44433	9.34458
9.44432	9.34462
9.44502	9.34146
9.44502	9.34146
9.44573	9.33836
9.44573	9.33836
9.44629	9.33585
9.44662	9.33434
9.44698	9.33277
9.44734	9.33122
9.44761	9.33002
9.44797	9.32847
9.44831	9.32695
9.44865	9.32552
9.44897	9.32419
9.44935	9.32266
9.44971	9.32113
9.45008	9.3196
9.45083	9.31573
9.45121	9.3142
9.45194	9.31123
9.45194	9.31123
9.45268	9.30822
9.45268	9.30826
9.45305	9.30679
9.45343	9.30536
9.4538	9.3039
9.45416	9.30248
9.4548	9.29996
9.4548	9.29996
9.45553	9.29717
9.45551	9.2972
9.45623	9.29446
9.45623	9.29446
9.45694	9.29181
9.45694	9.29181
9.45773	9.2892
9.45773	9.2892
9.45844	9.28663
9.45841	9.28666
9.45906	9.28431
9.45906	9.28431
9.45981	9.28179
9.45981	9.28179
9.46044	9.27977
9.46044	9.27977
9.46079	9.27857
9.46114	9.27756
9.46148	9.27638
9.4618	9.27524
9.46248	9.27293
9.46248	9.27293
9.46282	9.27188
9.46316	9.27074
9.46384	9.26847
9.46385	9.26861
9.46419	9.26748
9.46474	9.26568
9.46512	9.26478
9.46546	9.26366
9.4658	9.26264
9.46615	9.26153
9.46647	9.26049
9.46676	9.25964
9.46711	9.25853
9.46743	9.25746
9.46778	9.25636
9.46811	9.25533
9.46848	9.25424
9.46883	9.25315
9.46919	9.25205
9.46954	9.25104
9.4699	9.24994
9.47023	9.24897
9.47057	9.24796
9.47092	9.24693
9.47128	9.24591
9.47165	9.24484
9.47202	9.24375
9.47239	9.24274
9.47276	9.24167
9.47312	9.24066
9.4735	9.23958
9.47387	9.23852
9.47422	9.23757
9.47462	9.23645
9.475	9.23538
9.47529	9.23459
9.47567	9.23353
9.47605	9.23253
9.47674	9.23064
9.47674	9.23064
9.47719	9.22944
9.47757	9.22843
9.47829	9.22649
9.47826	9.2265
9.47904	9.22441
9.47903	9.22447
9.47981	9.2224
9.47981	9.2224
9.48058	9.2204
9.48058	9.2204
9.48137	9.21837
9.48135	9.21842
9.48207	9.21659
9.48205	9.21665
9.48285	9.21463
9.48285	9.21463
9.48339	9.21322
9.48379	9.21221
9.4842	9.2112
9.48459	9.21026
9.48499	9.20926
9.48538	9.20832
9.48579	9.20732
9.4862	9.20634
9.48659	9.20541
9.487	9.20442
9.48742	9.20343
9.48779	9.20255
9.48815	9.20171
9.48853	9.20072
9.4893	9.19895
9.4893	9.19895
9.49012	9.19707
9.49012	9.19707
9.49097	9.19513
9.49094	9.19519
9.4918	9.19324
9.49178	9.1933
9.49264	9.19135
9.49264	9.19135
9.49347	9.18948
9.49347	9.18948
9.49436	9.18754
9.49433	9.18761
9.49519	9.18574
9.49519	9.18574
9.49563	9.1848
9.49607	9.18385
9.49648	9.18296
9.49693	9.18202
9.49774	9.1803
9.49771	9.18035
9.49861	9.17848
9.49859	9.17855
9.49948	9.17669
9.49948	9.17669
9.50035	9.17486
9.50035	9.17486
9.50126	9.17301
9.50124	9.17307
9.50215	9.17122
9.50215	9.17122
9.50305	9.16943
9.50305	9.16943
9.50394	9.1676
9.50394	9.1676
9.50441	9.16668
9.50504	9.16544
9.50552	9.16451
9.50589	9.16378
9.50633	9.16292
9.50681	9.16201
9.50717	9.16134
9.50765	9.16042
9.50852	9.15878
9.50847	9.15879
9.50908	9.15764
9.50951	9.15684
9.50995	9.15605
9.51045	9.15511
9.51139	9.1534
9.51139	9.1534
9.51238	9.15161
9.51234	9.15166
9.51333	9.14988
9.51333	9.14988
9.51429	9.14811
9.51429	9.14811
9.51525	9.1464
9.51525	9.1464
9.51627	9.14463
9.51623	9.14468
9.51724	9.14292
9.51724	9.14292
9.51823	9.14122
9.51823	9.14122
9.51922	9.13953
9.51922	9.13953
9.52026	9.13779
9.52022	9.13784
9.52073	9.13698
9.52125	9.13612
9.52216	9.13461
9.52216	9.13461
9.52315	9.13298
9.52315	9.13298
9.52419	9.13129
9.52416	9.13134
9.5252	9.12967
9.5252	9.12967
9.52568	9.1289
9.52611	9.12822
9.52723	9.12644
9.52723	9.12644
9.52829	9.12478
9.52825	9.12479
9.52877	9.12396
9.5294	9.12299
9.53002	9.12203
9.53057	9.12119
9.53106	9.12041
9.53161	9.11958
9.53215	9.11876
9.53266	9.11798
9.53321	9.11715
9.53377	9.11632
9.53429	9.11554
9.53474	9.11488
9.53527	9.11409
9.53584	9.11325
9.53641	9.1124
9.53685	9.11176
9.53741	9.11094
9.53799	9.11011
9.53853	9.10932
9.53911	9.10847
9.53954	9.10786
9.54016	9.10698
9.54132	9.10534
9.54127	9.10538
9.54246	9.1037
9.54246	9.1037
9.54362	9.10208
9.54362	9.10208
9.54479	9.10045
9.54479	9.10045
9.54601	9.09878
9.54596	9.09883
9.54719	9.09717
9.54719	9.09717
9.54837	9.09557
9.54837	9.09557
9.54957	9.09397
9.54957	9.09397
9.55083	9.09231
9.55078	9.09237
9.55204	9.09071
9.55204	9.09071
9.55327	9.08912
9.55327	9.08912
9.55449	9.08752
9.55449	9.08752
9.55513	9.08671
9.5557	9.08599
9.55686	9.08452
9.55686	9.08452
9.55757	9.08362
9.55822	9.08281
9.55907	9.08176
9.55973	9.08094
9.56039	9.08012
9.56099	9.0794
9.56171	9.07851
9.56238	9.07769
9.56287	9.0771
9.5635	9.07633
9.56411	9.07559
9.56478	9.07478
9.56545	9.07397
9.56592	9.07342
9.5666	9.07261
9.56727	9.0718
9.56789	9.0711
9.56847	9.07041
9.56907	9.06973
9.56976	9.06892
9.57045	9.0681
9.5711	9.06735
9.57235	9.0659
9.57235	9.0659
9.57313	9.06504
9.57384	9.06422
9.57622	9.06062
9.57622	9.06062
9.57769	9.05893
9.57763	9.05903
9.57904	9.05743
9.57904	9.05743
9.58041	9.05593
9.58041	9.05593
9.5818	9.0544
9.5818	9.0544
9.58323	9.05281
9.58318	9.05292
9.58461	9.05133
9.58461	9.05133
9.58602	9.04984
9.58602	9.04984
9.58743	9.04833
9.58743	9.04833
9.58891	9.04674
9.58886	9.04685
9.59033	9.04526
9.59033	9.04526
9.59178	9.04377
9.59178	9.04377
9.59247	9.04308
9.59323	9.04228
9.59398	9.04148
9.595	9.04047
9.59575	9.03968
9.59651	9.03889
9.59709	9.03835
9.59785	9.03756
9.59855	9.03689
9.5992	9.03622
9.59993	9.03547
9.60065	9.03477
9.60143	9.03398
9.6022	9.03319
9.60293	9.03252
9.60371	9.03173
9.60444	9.031
9.60523	9.03021
9.60663	9.0288
9.60657	9.02891
9.60815	9.02734
9.60815	9.02734
9.60888	9.02668
9.60968	9.0259
9.61122	9.02446
9.61122	9.02446
9.61282	9.02291
9.61276	9.02302
9.61426	9.02157
9.61426	9.02157
9.61579	9.02014
9.61579	9.02014
9.61738	9.01869
9.61738	9.01869
9.61895	9.01721
9.61889	9.01732
9.61971	9.01655
9.62053	9.01578
9.62197	9.0145
9.62197	9.0145
9.62274	9.01383
9.62439	9.0123
9.62439	9.0123
9.626	9.01088
9.62684	9.01011
9.62768	9.00935
9.62763	9.00946
9.6293	9.00794
9.63011	9.00727
9.63011	9.00727
9.63095	9.00651
9.63259	9.00508
9.63259	9.00508
9.63352	9.00425
9.63468	9.0033
9.63554	9.00254
9.63634	9.0019
9.63708	9.00125
9.63788	9.00054
9.6387	8.99987
9.6403	8.99848
9.6403	8.99848
9.64124	8.99773
9.64211	8.99698
9.64275	8.99649
9.64362	8.99575
9.64537	8.99425
9.64531	8.99437
9.64707	8.99288
9.64707	8.99288
9.6479	8.99225
9.64879	8.9915
9.65051	8.99013
9.65051	8.99013
9.6523	8.98863
9.65224	8.98875
9.65404	8.98727
9.65404	8.98727
9.65562	8.98602
9.65562	8.98602
9.65647	8.9854
9.65737	8.98466
9.65919	8.98318
9.65913	8.9833
9.66095	8.98183
9.66095	8.98183
9.66271	8.98049
9.66271	8.98049
9.66449	8.97911
9.66449	8.97911
9.66633	8.97765
9.66628	8.97776
9.66814	8.9763
9.66814	8.9763
9.66995	8.97495
9.66995	8.97495
9.67178	8.97359
9.67178	8.97359
9.67272	8.97286
9.67363	8.97221
9.67555	8.97072
9.67555	8.97072
9.67744	8.96936
9.67744	8.96936
9.67842	8.96861
9.67972	8.9677
9.68072	8.96695
9.68153	8.96642
9.68252	8.96567
9.68346	8.96496
9.68442	8.96433
9.68544	8.96357
9.6862	8.96308
9.68721	8.96232
9.68926	8.96081
9.68922	8.96094
9.69025	8.96018
9.69129	8.95942
9.69311	8.95816
9.69311	8.95816
9.69518	8.95674
9.69518	8.95674
9.69731	8.95521
9.69726	8.95533
9.69941	8.95379
9.69941	8.95379
9.70138	8.95248
9.70138	8.95248
9.70256	8.95173
9.70366	8.95095
9.70585	8.94941
9.7058	8.94953
9.70691	8.94875
9.70802	8.94798
9.71021	8.94654
9.71021	8.94654
9.71242	8.94511
9.71242	8.94511
9.71472	8.94354
9.71468	8.94364
9.71699	8.94206
9.71699	8.94206
9.71927	8.94059
9.71927	8.94059
9.72038	8.93993
9.72155	8.93915
9.72273	8.93836
9.72387	8.93769
9.72506	8.9369
9.72625	8.93611
9.72842	8.93474
9.72842	8.93474
9.73081	8.93326
9.73081	8.93326
9.73204	8.93246
9.73342	8.93165
9.73499	8.93063
9.73624	8.92983
9.73744	8.92917
9.73869	8.92836
9.73995	8.92755
9.74092	8.92702
9.7422	8.9262
9.74346	8.92551
9.74475	8.9247
9.74604	8.92389
9.74728	8.92319
9.74858	8.92238
9.74984	8.92169
9.75097	8.92098
9.75219	8.92023
9.75342	8.91955
9.75604	8.91794
9.75604	8.91794
9.75734	8.91726
9.75866	8.91645
9.76119	8.91437
9.76252	8.91355
9.76385	8.91275
9.76645	8.91066
9.76886	8.9092
9.76886	8.9092
9.77152	8.90771
9.77152	8.90771
9.77417	8.90627
9.77417	8.90627
9.77689	8.90466
9.77683	8.9048
9.77955	8.90319
9.77955	8.90319
9.78207	8.90183
9.78207	8.90183
9.78491	8.90029
9.78491	8.90029
9.78764	8.89871
9.7876	8.89888
9.79006	8.89747
9.79006	8.89747
9.79274	8.89605
9.79274	8.89605
9.79413	8.89526
9.79544	8.89465
9.79818	8.89311
9.79812	8.89327
9.80086	8.89173
9.80086	8.89173
9.80299	8.89068
9.80438	8.88992
9.80567	8.88933
9.80705	8.88857
9.80815	8.88796
9.80953	8.88736
9.81092	8.8866
9.81203	8.886
9.8134	8.88538
9.81461	8.88472
9.81731	8.8834
9.81731	8.8834
9.82012	8.8819
9.82012	8.88204
9.82296	8.88053
9.82296	8.88053
9.82579	8.8792
9.82579	8.8792
9.82863	8.87783
9.82863	8.87783
9.83149	8.87634
9.83149	8.87646
9.83426	8.87503
9.83426	8.87503
9.83582	8.87437
9.83726	8.87363
9.83872	8.87299
9.84017	8.87225
9.84305	8.8708
9.84305	8.87093
9.84449	8.87021
9.84595	8.86948
9.84739	8.86888
9.84885	8.86815
9.85031	8.86756
9.85177	8.86684
9.85322	8.86613
9.85469	8.8655
9.85731	8.86422
9.85731	8.86422
9.85895	8.86356
9.86023	8.86295
9.86168	8.86237
9.86313	8.86167
9.86605	8.86027
9.86605	8.8604
9.869	8.859
9.869	8.859
9.87193	8.85772
9.87193	8.85772
9.87341	8.85716
9.87547	8.85619
9.87695	8.85551
9.87842	8.85493
9.8799	8.85425
9.88108	8.85371
9.88255	8.85315
9.88404	8.85247
9.88522	8.85205
9.88669	8.85138
9.88818	8.85071
9.88967	8.85017
9.89116	8.8495
9.89247	8.84891
9.89385	8.84844
9.89565	8.84764
9.89834	8.84657
9.89834	8.84657
9.90134	8.84525
9.90134	8.84537
9.90405	8.84419
9.90405	8.84419
9.90707	8.84308
9.90707	8.84308
9.9101	8.84202
9.9101	8.84202
9.91161	8.84137
9.91463	8.8403
9.91614	8.83966
9.91614	8.83966
9.91916	8.83853
9.92065	8.8379
9.92216	8.83758
9.92216	8.83758
9.92519	8.83631
9.9252	8.83655
9.92673	8.83591
9.92977	8.83465
9.92975	8.83497
9.93281	8.8337
9.93434	8.83343
9.93434	8.83343
9.93742	8.83217
9.93741	8.8324
9.94049	8.83115
9.94049	8.83115
9.9436	8.83013
9.9436	8.83013
9.94667	8.82913
9.94667	8.82913
9.94975	8.8279
9.94973	8.82822
9.95221	8.82724
9.95375	8.82662
9.9553	8.82624
9.95687	8.82563
9.95842	8.82502
9.95998	8.82455
9.96153	8.82395
9.96308	8.82359
9.96464	8.82299
9.96618	8.82239
9.96741	8.82213
9.96896	8.82153
9.9705	8.82113
9.97205	8.82054
9.9736	8.81995
9.97516	8.81959
9.97639	8.81913
9.97826	8.81843
9.97951	8.81818
9.98107	8.8176
9.98264	8.81725
9.98419	8.81667
9.98545	8.81621
9.987	8.81583
9.98856	8.81526
9.99012	8.81469
9.99168	8.81435
9.99324	8.81379
9.99481	8.81339
9.99607	8.81294
9.99921	8.81181
9.99923	8.81201
10.0024	8.81088
10.0024	8.81088
10.0055	8.80996
10.0055	8.80996
10.0087	8.80904
10.0087	8.80904
10.0103	8.80849
10.0119	8.80809
10.015	8.80703
10.015	8.80703
10.0182	8.80613
10.0182	8.80613
10.0198	8.80559
10.0214	8.80525
10.0246	8.80417
10.0246	8.80436
10.0262	8.80381
10.0291	8.80284
10.0291	8.80306
10.0317	8.8022
10.0333	8.80167
10.0349	8.8013
10.0365	8.80077
10.0381	8.80046
10.0397	8.79994
10.0413	8.79941
10.043	8.79911
10.0443	8.79869
10.0459	8.79835
10.0475	8.79783
10.0488	8.79741
10.0504	8.79712
10.0524	8.79649
10.054	8.79597
10.0556	8.79562
10.0573	8.7951
10.0589	8.79481
10.0605	8.7943
10.0622	8.79379
10.0635	8.79359
10.0651	8.79309
10.0667	8.79259
10.0697	8.79188
10.0697	8.79188
10.073	8.7911
10.073	8.7911
10.0762	8.79011
10.0762	8.79027
10.0795	8.78929
10.0795	8.78929
10.0827	8.78858
10.0827	8.78858
10.0859	8.78787
10.0859	8.78787
10.0892	8.7869
10.089	8.78713
10.0923	8.78616
10.0923	8.78616
10.0956	8.78545
10.0956	8.78545
10.0988	8.78467
10.0988	8.78467
10.1022	8.78371
10.102	8.78398
10.1037	8.78351
10.1054	8.78304
10.1069	8.7828
10.1086	8.78233
10.1102	8.78207
10.1129	8.78132
10.1146	8.78085
10.1162	8.78063
10.1178	8.78016
10.1195	8.77969
10.121	8.7795
10.1228	8.779
10.1241	8.77863
10.1257	8.77844
10.1274	8.77798
10.1289	8.77781
10.1307	8.77732
10.1322	8.7769
10.134	8.77664
10.1355	8.77622
10.1374	8.77573
10.139	8.77552
10.1407	8.77507
10.1423	8.77485
10.1439	8.77445
10.1458	8.77395
10.1474	8.77376
10.149	8.77335
10.1509	8.77287
10.1525	8.77267
10.1542	8.77223
10.1557	8.77204
10.1576	8.77156
10.1592	8.77116
10.1609	8.77094
10.1623	8.77059
10.1639	8.77041
10.1657	8.76998
10.1672	8.76958
10.169	8.76937
10.1704	8.76902
10.1721	8.7686
10.1738	8.76842
10.1755	8.76799
10.1772	8.76757
10.1787	8.76739
10.1804	8.76697
10.182	8.76675
10.1839	8.76629
10.1853	8.76595
10.1869	8.76578
10.1885	8.7654
10.1902	8.76522
10.1921	8.76476
10.1935	8.76443
10.1952	8.76424
10.1975	8.76369
10.1994	8.76324
10.2011	8.76306
10.2026	8.76273
10.2043	8.76256
10.206	8.76214
10.2075	8.76181
10.2092	8.76157
10.2109	8.76115
10.2126	8.76078
10.2144	8.76057
10.2162	8.76016
10.2177	8.76001
10.2195	8.7596
10.2213	8.7592
10.2232	8.75902
10.2264	8.75829
10.2264	8.75829
10.2298	8.75774
10.2298	8.75774
10.2333	8.75718
10.2333	8.75718
10.2369	8.75639
10.2368	8.75659
10.2404	8.75579
10.2404	8.75579
10.2439	8.75523
10.2439	8.75523
10.2456	8.75506
10.2474	8.75466
10.251	8.75387
10.251	8.75411
10.2528	8.75372
10.2546	8.75332
10.2578	8.75286
10.2578	8.75286
10.2613	8.75231
10.2613	8.75231
10.265	8.75153
10.2649	8.75173
10.2685	8.75096
10.2685	8.75096
10.2719	8.75043
10.2719	8.75043
10.2737	8.75005
10.2753	8.74995
10.2791	8.74915
10.279	8.74939
10.2825	8.74867
10.2825	8.74867
10.2845	8.74843
10.2875	8.74782
10.2891	8.74748
10.2908	8.74732
10.2925	8.74699
10.2943	8.74684
10.2961	8.74646
10.2978	8.74613
10.2995	8.74598
10.3014	8.7456
10.3031	8.74544
10.3048	8.7451
10.3066	8.74473
10.3084	8.7446
10.3099	8.74431
10.3117	8.74393
10.3135	8.7438
10.3152	8.74346
10.3186	8.743
10.3186	8.743
10.3223	8.74226
10.3223	8.74249
10.3243	8.74208
10.3262	8.74172
10.3297	8.74124
10.3297	8.74124
10.3317	8.74106
10.3334	8.74073
10.3371	8.74
10.337	8.74022
10.3408	8.7395
10.3408	8.7395
10.3445	8.73901
10.3445	8.73901
10.3482	8.7385
10.3482	8.7385
10.352	8.73778
10.3519	8.73802
10.3538	8.73766
10.3557	8.73729
10.3575	8.73717
10.3594	8.73681
10.361	8.73673
10.3631	8.73634
10.3665	8.7357
10.3664	8.73592
10.3701	8.73523
10.3701	8.73523
10.3721	8.73506
10.3755	8.73442
10.3773	8.73428
10.3773	8.73428
10.3802	8.73374
10.3818	8.73366
10.3838	8.7333
10.3857	8.73294
10.3875	8.73282
10.3894	8.73246
10.3928	8.73205
10.3928	8.73205
10.3965	8.73137
10.3964	8.7316
10.4002	8.73089
10.4002	8.73089
10.4038	8.73045
10.4038	8.73045
10.4076	8.72998
10.4076	8.72998
10.4117	8.72923
10.4116	8.72946
10.4155	8.72875
10.4155	8.72875
10.4193	8.72827
10.4193	8.72827
10.4214	8.7281
10.4232	8.72778
10.4271	8.72707
10.427	8.72728
10.4292	8.72689
10.4309	8.72657
10.433	8.72639
10.4348	8.72608
10.4369	8.72591
10.4384	8.72562
10.4408	8.7252
10.4425	8.72512
10.4464	8.72441
10.4464	8.72441
10.4483	8.72427
10.4502	8.72392
10.4541	8.72344
10.4541	8.72344
10.458	8.72273
10.458	8.72296
10.4599	8.72261
10.4619	8.72226
10.4638	8.72214
10.4658	8.72178
10.4679	8.72162
10.4699	8.72126
10.4734	8.72062
10.4733	8.72085
10.4753	8.7205
10.4785	8.71993
10.48	8.71988
10.4819	8.71952
10.4839	8.71938
10.4856	8.71906
10.4876	8.71871
10.4895	8.71857
10.4917	8.71818
10.4933	8.7179
10.4952	8.71776
10.4971	8.71741
10.4988	8.7173
10.501	8.71692
10.503	8.71656
10.5047	8.71645
10.5084	8.71578
10.5084	8.71578
10.5122	8.7153
10.5122	8.7153
10.5161	8.7148
10.5161	8.7148
10.5198	8.71413
10.5197	8.71433
10.524	8.71356
10.524	8.71356
10.5275	8.71314
10.5275	8.71314
10.5313	8.71265
10.5313	8.71265
10.5352	8.71194
10.5351	8.71216
10.539	8.71145
10.539	8.71145
10.541	8.71128
10.543	8.71093
10.5448	8.71079
10.5467	8.71044
10.5504	8.70978
10.5503	8.70999
10.5524	8.70961
10.5543	8.70926
10.5563	8.7091
10.5582	8.70875
10.5601	8.70864
10.5616	8.70836
10.5653	8.70766
10.5653	8.7079
10.5691	8.7072
10.5691	8.7072
10.5709	8.70708
10.5729	8.70669
10.5753	8.70645
10.5772	8.7061
10.5787	8.70582
10.5806	8.70568
10.5824	8.70533
10.5847	8.7049
10.5862	8.70483
10.5881	8.70447
10.5899	8.70433
10.5914	8.70404
10.5933	8.70368
10.5951	8.70354
10.597	8.70318
10.5989	8.70282
10.6007	8.70268
10.6026	8.70232
10.6042	8.7022
10.6061	8.70185
10.608	8.70149
10.6096	8.70137
10.6134	8.70065
10.6134	8.70065
10.6169	8.70017
10.6169	8.70017
10.6204	8.6997
10.6204	8.6997
10.6241	8.69897
10.6241	8.69918
10.6275	8.69852
10.6275	8.69852
10.6305	8.69814
10.6305	8.69814
10.6328	8.69787
10.6328	8.69787
10.6334	8.69776
10.6333	8.69795
10.6333	8.69795
10.6333	8.69795
10.6333	8.69814
10.6333	8.69814
10.6332	8.69831
10.6332	8.69831
10.6332	8.69831
10.6332	8.69849
10.6332	8.69849
10.6332	8.69849
10.6331	8.69865
10.6331	8.69865
10.6331	8.69881
10.6331	8.69881
10.6331	8.69881
10.633	8.69897
10.633	8.69897
10.633	8.69897
10.633	8.69912
10.633	8.69912
10.633	8.69912
10.6329	8.69927
10.6329	8.69927
10.6329	8.69942
10.6329	8.69942
10.6329	8.69942
10.6328	8.69959
10.6328	8.69959
10.6328	8.69976
10.6328	8.69976
10.6328	8.69976
10.6327	8.69992
10.6327	8.69992
10.6327	8.69992
10.6327	8.70008
10.6327	8.70008
10.6326	8.70025
10.6326	8.70025
10.6326	8.70025
10.6326	8.70038
10.6326	8.70038
10.6326	8.70038
10.6325	8.70052
10.6325	8.70052
10.6325	8.70052
10.6325	8.70065
10.6325	8.70065
10.6324	8.7008
10.6324	8.7008
10.6324	8.7008
10.6324	8.70094
10.6324	8.70094
10.6323	8.70108
10.6323	8.70108
10.6323	8.70108
10.6323	8.70121
10.6323	8.70121
10.6323	8.70121
10.6322	8.70136
10.6322	8.70136
10.6322	8.70151
10.6322	8.70151
10.6322	8.70151
10.6321	8.70166
10.6321	8.70166
10.6321	8.70166
10.632	8.70178
10.632	8.70178
10.632	8.70193
10.632	8.70193
10.632	8.70193
10.6319	8.70209
10.6319	8.70209
10.6319	8.70209
10.6319	8.70222
10.6319	8.70222
10.6318	8.70235
10.6318	8.70235
10.6318	8.70235
10.6318	8.70247
10.6318	8.70247
10.6318	8.70247
10.6318	8.70262
10.6318	8.70262
10.6317	8.70276
10.6317	8.70276
10.6317	8.70276
10.6317	8.7029
10.6317	8.7029
10.6317	8.7029
10.6316	8.70304
10.6316	8.70304
10.6316	8.70319
10.6316	8.70319
10.6316	8.70319
10.6315	8.70331
10.6315	8.70331
10.6315	8.70331
10.6315	8.70343
10.6315	8.70343
10.6314	8.70355
10.6314	8.70355
10.6314	8.70355
10.6314	8.70367
10.6314	8.70367
10.6314	8.70367
10.6313	8.70382
10.6313	8.70382
10.6313	8.70395
10.6313	8.70395
10.6313	8.70395
10.6312	8.70409
10.6312	8.70409
10.6312	8.70409
10.6312	8.70422
10.6312	8.70422
10.6311	8.70436
10.6311	8.70436
10.6311	8.70436
10.6311	8.70447
10.6311	8.70447
10.6311	8.70447
10.631	8.70461
10.631	8.70461
10.631	8.70474
10.631	8.70474
10.631	8.70474
10.6309	8.70488
10.6309	8.70488
10.6309	8.70488
10.6309	8.70502
10.6309	8.70502
10.6309	8.70515
10.6309	8.70515
10.6309	8.70515
10.6308	8.70528
10.6308	8.70528
10.6308	8.70528
10.6308	8.70541
10.6308	8.70541
10.6307	8.70554
10.6307	8.70554
10.6307	8.70554
10.6307	8.70567
10.6307	8.70567
10.6307	8.70567
10.6306	8.7058
10.6306	8.7058
10.6306	8.70592
10.6306	8.70592
10.6306	8.70592
10.6305	8.70603
10.6305	8.70603
10.6305	8.70603
10.6305	8.70615
10.6305	8.70615
10.6304	8.70628
10.6304	8.70628
10.6304	8.70628
10.6304	8.70641
10.6304	8.70641
10.6304	8.70641
10.6303	8.70652
10.6303	8.70652
10.6303	8.70664
10.6303	8.70664
10.6303	8.70664
10.6303	8.70677
10.6303	8.70677
10.6303	8.70677
10.6302	8.70689
10.6302	8.70689
10.6302	8.70701
10.6302	8.70701
10.6302	8.70701
10.6301	8.70713
10.6301	8.70713
10.6301	8.70713
10.6301	8.70725
10.6301	8.70725
10.63	8.70737
10.63	8.70737
10.63	8.70737
10.63	8.7075
10.63	8.7075
10.63	8.7075
10.63	8.70762
10.63	8.70762
10.63	8.70762
10.6299	8.70774
10.6299	8.70774
10.6299	8.70786
10.6299	8.70786
10.6299	8.70786
10.6298	8.70798
10.6298	8.70798
10.6298	8.70798
10.6298	8.70808
10.6298	8.70808
10.6297	8.70819
10.6297	8.70819
10.6297	8.70819
10.6297	8.70831
10.6297	8.70831
10.6297	8.70831
10.6297	8.70843
10.6297	8.70843
10.6296	8.70854
10.6296	8.70854
10.6296	8.70854
10.6296	8.70866
10.6296	8.70866
10.6296	8.70866
10.6295	8.70877
10.6295	8.70877
10.6295	8.70889
10.6295	8.70889
10.6295	8.70889
10.6295	8.709
10.6295	8.709
10.6294	8.70912
10.6294	8.70912
10.6294	8.70912
10.6294	8.70923
10.6294	8.70923
10.6294	8.70923
10.6293	8.70932
10.6293	8.70932
10.6293	8.70943
10.6293	8.70943
10.6293	8.70943
10.6293	8.70954
10.6293	8.70954
10.6293	8.70954
10.6292	8.70963
10.6292	8.70963
10.6292	8.70974
10.6292	8.70974
10.6292	8.70974
10.6291	8.70985
10.6291	8.70985
10.6291	8.70985
10.6291	8.70996
10.6291	8.70996
10.629	8.71006
10.629	8.71006
10.629	8.71006
10.629	8.71017
10.629	8.71017
10.629	8.71017
10.629	8.71028
10.629	8.71028
10.629	8.71028
10.6289	8.71039
10.6289	8.71039
10.6289	8.71049
10.6289	8.71049
10.6289	8.71049
10.6288	8.7106
10.6288	8.7106
10.6288	8.7106
10.6288	8.7107
10.6288	8.7107
10.6288	8.71081
10.6288	8.71081
10.6288	8.71081
10.6287	8.71091
10.6287	8.71091
10.6287	8.71101
10.6287	8.71101
10.6287	8.71101
10.6287	8.71111
10.6287	8.71111
10.6287	8.71111
10.6286	8.71122
10.6286	8.71122
10.6286	8.71132
10.6286	8.71132
10.6286	8.71132
10.6285	8.71142
10.6285	8.71142
10.6285	8.71142
10.6285	8.71152
10.6285	8.71152
10.6285	8.71152
10.6285	8.71162
10.6285	8.71162
10.6284	8.71172
10.6284	8.71172
10.6284	8.71172
10.6284	8.71183
10.6284	8.71183
10.6283	8.71193
10.6283	8.71193
10.6283	8.71193
10.6283	8.71202
10.6283	8.71202
10.6283	8.71202
10.6283	8.7121
10.6283	8.7121
10.6283	8.7121
10.6282	8.7122
10.6282	8.7122
10.6282	8.7123
10.6282	8.7123
10.6282	8.7123
10.6282	8.71239
10.6282	8.71239
10.6282	8.71239
10.6281	8.71249
10.6281	8.71249
10.6281	8.71259
10.6281	8.71259
10.6281	8.71259
10.628	8.71268
10.628	8.71268
10.628	8.71268
10.628	8.71278
10.628	8.71278
10.628	8.71286
10.628	8.71286
10.628	8.71286
10.6279	8.71296
10.6279	8.71296
10.6279	8.71305
10.6279	8.71305
10.6279	8.71305
10.6279	8.71314
10.6279	8.71314
10.6279	8.71314
10.6278	8.71324
10.6278	8.71324
10.6278	8.71324
10.6278	8.71333
10.6278	8.71333
10.6278	8.71343
10.6278	8.71343
10.6278	8.71343
10.6277	8.71352
10.6277	8.71352
10.6277	8.71361
10.6277	8.71361
10.6277	8.71361
10.6276	8.7137
10.6276	8.7137
10.6276	8.7137
10.6276	8.71379
10.6276	8.71379
10.6276	8.71388
10.6276	8.71388
10.6276	8.71388
10.6275	8.71397
10.6275	8.71397
10.6275	8.71397
10.6275	8.71406
10.6275	8.71406
10.6275	8.71415
10.6275	8.71415
10.6275	8.71415
10.6274	8.71422
10.6274	8.71422
10.6274	8.71422
10.6274	8.71431
10.6274	8.71431
10.6274	8.71431
10.6274	8.7144
10.6274	8.7144
10.6273	8.71449
10.6273	8.71449
10.6273	8.71449
10.6273	8.71456
10.6273	8.71456
10.6273	8.71465
10.6273	8.71465
10.6273	8.71465
10.6272	8.71474
10.6272	8.71474
10.6272	8.71474
10.6272	8.71482
10.6272	8.71482
10.6271	8.71491
10.6271	8.71491
10.6271	8.71491
10.6271	8.71499
10.6271	8.71499
10.6271	8.71499
10.6271	8.71508
10.6271	8.71508
10.6271	8.71508
10.627	8.71517
10.627	8.71517
10.627	8.71525
10.627	8.71525
10.627	8.71525
10.627	8.71533
10.627	8.71533
10.627	8.71533
10.6269	8.71542
10.6269	8.71542
10.6269	8.7155
10.6269	8.7155
10.6269	8.7155
10.6269	8.71558
10.6269	8.71558
10.6268	8.71566
10.6268	8.71566
10.6268	8.71566
10.6268	8.71575
10.6268	8.71575
10.6268	8.71575
10.6268	8.71583
10.6268	8.71583
10.6267	8.71591
10.6267	8.71591
10.6267	8.71591
10.6267	8.71599
10.6267	8.71599
10.6267	8.71599
10.6267	8.71607
10.6267	8.71607
10.6267	8.71607
10.6266	8.71615
10.6266	8.71615
10.6266	8.71623
10.6266	8.71623
10.6266	8.71623
10.6266	8.71631
