13.994	12.991
13.994	12.991
13.9869	12.99
13.9869	12.99
13.9799	12.9889
13.9799	12.9889
13.973	12.9879
13.973	12.9879
13.9661	12.9868
13.9661	12.9868
13.9592	12.9857
13.9592	12.9857
13.9524	12.9847
13.9524	12.9847
13.9457	12.9836
13.939	12.9825
13.939	12.9825
13.9323	12.9815
13.9323	12.9815
13.9257	12.9804
13.9257	12.9804
13.9192	12.9793
13.9192	12.9793
13.9127	12.9782
13.9063	12.9771
13.9063	12.9771
13.8999	12.976
13.8999	12.976
13.8935	12.9749
13.8935	12.9749
13.8872	12.9738
13.881	12.9727
13.881	12.9727
13.8748	12.9716
13.8748	12.9716
13.8687	12.9705
13.8687	12.9705
13.8626	12.9694
13.8565	12.9683
13.8565	12.9683
13.8505	12.9671
13.8505	12.9671
13.8446	12.966
13.8387	12.9649
13.8387	12.9649
13.8329	12.9638
13.827	12.9626
13.827	12.9626
13.8213	12.9615
13.8213	12.9615
13.8156	12.9603
13.8099	12.9592
13.8099	12.9592
13.8043	12.958
13.7987	12.9569
13.7987	12.9569
13.7932	12.9557
13.7932	12.9557
13.7877	12.9545
13.7823	12.9534
13.7823	12.9534
13.7769	12.9522
13.7715	12.951
13.7715	12.951
13.7662	12.9499
13.7609	12.9487
13.7609	12.9487
13.7557	12.9475
13.7505	12.9463
13.7505	12.9463
13.7454	12.9451
13.7403	12.9439
13.7403	12.9439
13.7352	12.9427
13.7302	12.9415
13.7302	12.9415
13.7252	12.9403
13.7203	12.9391
13.7203	12.9391
13.7154	12.9379
13.7106	12.9367
13.7058	12.9355
13.7058	12.9355
13.701	12.9343
13.6962	12.9331
13.6962	12.9331
13.6916	12.9318
13.6869	12.9306
13.6823	12.9294
13.6823	12.9294
13.6777	12.9282
13.6732	12.9269
13.6732	12.9269
13.6687	12.9257
13.6642	12.9245
13.6598	12.9232
13.6598	12.9232
13.6554	12.922
13.651	12.9207
13.6467	12.9195
13.6467	12.9195
13.6424	12.9182
13.6381	12.917
13.6339	12.9157
13.6339	12.9157
13.6298	12.9144
13.6256	12.9132
13.6215	12.9119
13.6174	12.9106
13.6174	12.9106
13.6134	12.9094
13.6094	12.9081
13.6054	12.9068
13.6054	12.9068
13.6014	12.9055
13.5975	12.9043
13.5936	12.903
13.5898	12.9017
13.586	12.9004
13.586	12.9004
13.5822	12.8991
13.5784	12.8978
13.5747	12.8965
13.571	12.8952
13.571	12.8952
13.5673	12.8939
13.5637	12.8926
13.5601	12.8913
13.5565	12.89
13.5529	12.8887
13.5494	12.8874
13.5494	12.8874
13.5459	12.8861
13.5424	12.8848
13.539	12.8834
13.5356	12.8821
13.5322	12.8808
13.5288	12.8795
13.5255	12.8781
13.5255	12.8781
13.5222	12.8768
13.5189	12.8755
13.5157	12.8742
13.5124	12.8728
13.5092	12.8715
13.506	12.8702
13.5029	12.8688
13.4997	12.8675
13.4966	12.8661
13.4966	12.8661
13.4935	12.8648
13.4905	12.8634
13.4874	12.8621
13.4844	12.8607
13.4814	12.8594
13.4784	12.858
13.4755	12.8567
13.4725	12.8553
13.4696	12.854
13.4667	12.8526
13.4638	12.8513
13.461	12.8499
13.4581	12.8485
13.4553	12.8472
13.4525	12.8458
13.4497	12.8444
13.447	12.8431
13.4442	12.8417
13.4415	12.8403
13.4388	12.839
13.4361	12.8376
13.4334	12.8362
13.4308	12.8348
13.4281	12.8335
13.4255	12.8321
13.4229	12.8307
13.4203	12.8293
13.4177	12.8279
13.4126	12.8252
13.41	12.8238
13.4075	12.8224
13.405	12.821
13.4025	12.8196
13.4	12.8182
13.3975	12.8168
13.3951	12.8154
13.3926	12.8141
13.3877	12.8113
13.3853	12.8099
13.3829	12.8085
13.3805	12.8071
13.3781	12.8057
13.3758	12.8043
13.371	12.8015
13.3687	12.8001
13.3663	12.7987
13.364	12.7973
13.3594	12.7945
13.3571	12.7931
13.3547	12.7917
13.3525	12.7903
13.3479	12.7875
13.3456	12.7861
13.3433	12.7847
13.3388	12.7819
13.3365	12.7804
13.3343	12.779
13.3298	12.7762
13.3275	12.7748
13.323	12.772
13.3208	12.7706
13.3163	12.7678
13.3141	12.7664
13.3119	12.765
13.3074	12.7622
13.3052	12.7607
13.3007	12.7579
13.2985	12.7565
13.294	12.7537
13.2918	12.7523
13.2873	12.7495
13.2851	12.7481
13.2806	12.7453
13.2783	12.7439
13.2761	12.7425
13.2716	12.7396
13.2693	12.7382
13.267	12.7368
13.2625	12.734
13.2602	12.7326
13.2579	12.7312
13.2533	12.7284
13.251	12.727
13.2486	12.7256
13.2463	12.7242
13.2416	12.7214
13.2393	12.72
13.2369	12.7186
13.2345	12.7172
13.2321	12.7158
13.2273	12.713
13.2249	12.7117
13.2225	12.7103
13.2201	12.7089
13.2176	12.7075
13.2152	12.7061
13.2127	12.7047
13.2077	12.7019
13.2052	12.7005
13.2027	12.6992
13.2001	12.6978
13.1976	12.6964
13.195	12.695
13.1925	12.6936
13.1899	12.6922
13.1873	12.6909
13.1846	12.6895
13.182	12.6881
13.1793	12.6867
13.174	12.684
13.1713	12.6826
13.1686	12.6813
13.1659	12.6799
13.1631	12.6785
13.1604	12.6771
13.1576	12.6758
13.1548	12.6744
13.1521	12.6731
13.1493	12.6717
13.1464	12.6703
13.1436	12.669
13.1408	12.6676
13.1379	12.6663
13.135	12.6649
13.1321	12.6635
13.1292	12.6622
13.1263	12.6608
13.1205	12.6581
13.1175	12.6568
13.1146	12.6554
13.1116	12.6541
13.1086	12.6527
13.1056	12.6514
13.1026	12.65
13.0996	12.6487
13.0965	12.6473
13.0935	12.646
13.0904	12.6446
13.0874	12.6433
13.0843	12.642
13.0812	12.6406
13.0781	12.6393
13.075	12.6379
13.0719	12.6366
13.0687	12.6353
13.0656	12.6339
13.0624	12.6326
13.0592	12.6313
13.056	12.6299
13.0529	12.6286
13.0497	12.6273
13.0464	12.6259
13.0432	12.6246
13.04	12.6233
13.0367	12.6219
13.0302	12.6193
13.0269	12.618
13.0237	12.6166
13.0204	12.6153
13.017	12.614
13.0137	12.6127
13.0104	12.6113
13.0071	12.61
13.0037	12.6087
13.0004	12.6074
12.997	12.6061
12.9936	12.6047
12.9903	12.6034
12.9869	12.6021
12.9835	12.6008
12.9801	12.5995
12.9766	12.5981
12.9732	12.5968
12.9698	12.5955
12.9663	12.5942
12.9629	12.5929
12.9594	12.5916
12.956	12.5903
12.9525	12.5889
12.949	12.5876
12.9455	12.5863
12.942	12.585
12.9385	12.5837
12.935	12.5824
12.9315	12.5811
12.9279	12.5798
12.9244	12.5785
12.9208	12.5772
12.9173	12.5759
12.9137	12.5746
12.9102	12.5732
12.9066	12.5719
12.903	12.5706
12.8994	12.5693
12.8958	12.568
12.8922	12.5667
12.8886	12.5654
12.885	12.5641
12.8814	12.5628
12.8777	12.5615
12.8741	12.5602
12.8705	12.5589
12.8668	12.5576
12.8632	12.5563
12.8595	12.555
12.8558	12.5537
12.8558	12.5537
12.8522	12.5524
12.8448	12.5498
12.8448	12.5498
12.8411	12.5485
12.8374	12.5472
12.8337	12.5459
12.83	12.5447
12.8263	12.5434
12.8226	12.5421
12.8189	12.5408
12.8152	12.5395
12.8114	12.5382
12.8077	12.5369
12.804	12.5356
12.8002	12.5343
12.7965	12.533
12.7927	12.5317
12.789	12.5304
12.7852	12.5291
12.7815	12.5278
12.7777	12.5265
12.7739	12.5253
12.7701	12.524
12.7664	12.5227
12.7626	12.5214
12.7588	12.5201
12.755	12.5188
12.7512	12.5175
12.7474	12.5162
12.7436	12.5149
12.7398	12.5136
12.736	12.5124
12.7322	12.5111
12.7284	12.5098
12.7246	12.5085
12.7207	12.5072
12.7169	12.5059
12.7131	12.5046
12.7093	12.5033
12.7054	12.5021
12.7016	12.5008
12.7016	12.5008
12.6978	12.4995
12.6939	12.4982
12.6901	12.4969
12.6863	12.4956
12.6824	12.4943
12.6786	12.493
12.6747	12.4918
12.6709	12.4905
12.667	12.4892
12.6632	12.4879
12.6593	12.4866
12.6555	12.4853
12.6516	12.484
12.6478	12.4827
12.6439	12.4815
12.6401	12.4802
12.6362	12.4789
12.6324	12.4776
12.6285	12.4763
12.6246	12.475
12.6208	12.4737
12.6169	12.4725
12.6131	12.4712
12.6092	12.4699
12.6053	12.4686
12.6015	12.4673
12.5976	12.466
12.5938	12.4647
12.5899	12.4634
12.586	12.4622
12.5822	12.4609
12.5783	12.4596
12.5745	12.4583
12.5706	12.457
12.5667	12.4557
12.5629	12.4544
12.559	12.4531
12.5552	12.4519
12.5513	12.4506
12.5475	12.4493
12.5436	12.448
12.5398	12.4467
12.5359	12.4454
12.5321	12.4441
12.5321	12.4441
12.5282	12.4428
12.5244	12.4415
12.5205	12.4403
12.5167	12.439
12.5129	12.4377
12.509	12.4364
12.5052	12.4351
12.5013	12.4338
12.4975	12.4325
12.4937	12.4312
12.4899	12.4299
12.486	12.4286
12.4822	12.4273
12.4784	12.426
12.4746	12.4248
12.4708	12.4235
12.467	12.4222
12.4632	12.4209
12.4594	12.4196
12.4556	12.4183
12.4518	12.417
12.448	12.4157
12.4442	12.4144
12.4404	12.4131
12.4366	12.4118
12.4328	12.4105
12.4291	12.4092
12.4253	12.4079
12.4215	12.4066
12.4178	12.4053
12.414	12.404
12.4102	12.4027
12.4065	12.4014
12.4027	12.4001
12.399	12.3988
12.3953	12.3975
12.3953	12.3975
12.3915	12.3962
12.3878	12.3949
12.3841	12.3936
12.3804	12.3923
12.3767	12.391
12.3729	12.3897
12.3692	12.3884
12.3655	12.3871
12.3618	12.3858
12.3582	12.3845
12.3545	12.3832
12.3508	12.3819
12.3471	12.3806
12.3434	12.3792
12.3398	12.3779
12.3361	12.3766
12.3324	12.3753
12.3288	12.374
12.3251	12.3727
12.3215	12.3714
12.3178	12.3701
12.3142	12.3688
12.3106	12.3675
12.3069	12.3662
12.3033	12.3648
12.2997	12.3635
12.2961	12.3622
12.2925	12.3609
12.2888	12.3596
12.2852	12.3583
12.2816	12.357
12.278	12.3556
12.2744	12.3543
12.2708	12.353
12.2672	12.3517
12.2637	12.3504
12.2601	12.3491
12.2565	12.3478
12.2529	12.3464
12.2493	12.3451
12.2458	12.3438
12.2422	12.3425
12.2386	12.3412
12.2315	12.3385
12.228	12.3372
12.2244	12.3359
12.2209	12.3346
12.2173	12.3333
12.2138	12.332
12.2102	12.3306
12.2067	12.3293
12.2032	12.328
12.1996	12.3267
12.1961	12.3254
12.1926	12.324
12.189	12.3227
12.1855	12.3214
12.182	12.3201
12.1785	12.3188
12.175	12.3174
12.1715	12.3161
12.168	12.3148
12.1644	12.3135
12.1609	12.3121
12.1574	12.3108
12.1539	12.3095
12.1504	12.3082
12.1469	12.3069
12.14	12.3042
12.1365	12.3029
12.133	12.3016
12.1295	12.3002
12.126	12.2989
12.1225	12.2976
12.119	12.2963
12.1156	12.295
12.1121	12.2936
12.1086	12.2923
12.1051	12.291
12.1017	12.2897
12.0982	12.2883
12.0947	12.287
12.0913	12.2857
12.0878	12.2844
12.0843	12.2831
12.0774	12.2804
12.0739	12.2791
12.0705	12.2778
12.067	12.2764
12.0636	12.2751
12.0601	12.2738
12.0566	12.2725
12.0532	12.2711
12.0497	12.2698
12.0463	12.2685
12.0428	12.2672
12.0394	12.2659
12.0359	12.2645
12.029	12.2619
12.0256	12.2606
12.0221	12.2592
12.0187	12.2579
12.0152	12.2566
12.0118	12.2553
12.0084	12.2539
12.0049	12.2526
12.0015	12.2513
11.998	12.25
11.9946	12.2487
11.9911	12.2473
11.9877	12.246
11.9808	12.2434
11.9774	12.2421
11.9739	12.2407
11.9705	12.2394
11.967	12.2381
11.9636	12.2368
11.9602	12.2355
11.9567	12.2341
11.9533	12.2328
11.9498	12.2315
11.9464	12.2302
11.9429	12.2289
11.9361	12.2262
11.9326	12.2249
11.9292	12.2236
11.9257	12.2223
11.9223	12.2209
11.9188	12.2196
11.9154	12.2183
11.9119	12.217
11.9085	12.2157
11.905	12.2144
11.9016	12.213
11.8981	12.2117
11.8947	12.2104
11.8912	12.2091
11.8843	12.2065
11.8809	12.2051
11.8774	12.2038
11.874	12.2025
11.8705	12.2012
11.867	12.1999
11.8636	12.1986
11.8601	12.1973
11.8567	12.1959
11.8532	12.1946
11.8497	12.1933
11.8463	12.192
11.8428	12.1907
11.8393	12.1894
11.8358	12.1881
11.8324	12.1868
11.8254	12.1841
11.8219	12.1828
11.8185	12.1815
11.815	12.1802
11.8115	12.1789
11.808	12.1776
11.8045	12.1763
11.801	12.175
11.7975	12.1737
11.794	12.1724
11.7905	12.1711
11.7871	12.1698
11.7836	12.1685
11.7801	12.1672
11.7765	12.1658
11.773	12.1645
11.7695	12.1632
11.766	12.1619
11.7625	12.1606
11.759	12.1593
11.7555	12.158
11.752	12.1567
11.7449	12.1541
11.7414	12.1528
11.7378	12.1515
11.7343	12.1502
11.7308	12.1489
11.7272	12.1476
11.7237	12.1463
11.7201	12.1451
11.7166	12.1438
11.713	12.1425
11.7095	12.1412
11.7059	12.1399
11.7024	12.1386
11.6988	12.1373
11.6952	12.136
11.6917	12.1347
11.6881	12.1334
11.6845	12.1321
11.6809	12.1308
11.6774	12.1295
11.6738	12.1283
11.6702	12.127
11.6666	12.1257
11.663	12.1244
11.6594	12.1231
11.6558	12.1218
11.6522	12.1205
11.6486	12.1192
11.645	12.118
11.6413	12.1167
11.6377	12.1154
11.6341	12.1141
11.6305	12.1128
11.6268	12.1116
11.6232	12.1103
11.6195	12.109
11.6159	12.1077
11.6122	12.1064
11.6086	12.1052
11.6049	12.1039
11.6013	12.1026
11.5976	12.1013
11.5939	12.1001
11.5903	12.0988
11.5866	12.0975
11.5829	12.0962
11.5792	12.095
11.5755	12.0937
11.5718	12.0924
11.5681	12.0912
11.5644	12.0899
11.5607	12.0886
11.557	12.0874
11.5533	12.0861
11.5496	12.0848
11.5458	12.0836
11.5421	12.0823
11.5384	12.081
11.5346	12.0798
11.5309	12.0785
11.5272	12.0772
11.5234	12.076
11.5197	12.0747
11.5159	12.0735
11.5122	12.0722
11.5084	12.0709
11.5046	12.0697
11.5009	12.0684
11.4971	12.0672
11.4934	12.0659
11.4896	12.0646
11.4858	12.0634
11.482	12.0621
11.4783	12.0609
11.4745	12.0596
11.4745	12.0596
11.4707	12.0584
11.4669	12.0571
11.4631	12.0558
11.4593	12.0546
11.4556	12.0533
11.4518	12.0521
11.448	12.0508
11.4442	12.0496
11.4404	12.0483
11.4366	12.0471
11.4328	12.0458
11.429	12.0446
11.4252	12.0433
11.4214	12.042
11.4176	12.0408
11.4138	12.0395
11.41	12.0383
11.4062	12.037
11.4024	12.0358
11.3986	12.0345
11.3948	12.0333
11.391	12.032
11.3871	12.0308
11.3833	12.0295
11.3795	12.0283
11.3757	12.027
11.3719	12.0258
11.3681	12.0245
11.3643	12.0232
11.3605	12.022
11.3567	12.0207
11.3529	12.0195
11.3491	12.0182
11.3452	12.017
11.3414	12.0157
11.3376	12.0145
11.3338	12.0132
11.33	12.012
11.3262	12.0107
11.3224	12.0094
11.3186	12.0082
11.3148	12.0069
11.311	12.0057
11.3072	12.0044
11.3034	12.0032
11.2996	12.0019
11.2958	12.0007
11.292	11.9994
11.2882	11.9981
11.2844	11.9969
11.2806	11.9956
11.2769	11.9944
11.2731	11.9931
11.2693	11.9918
11.2655	11.9906
11.2617	11.9893
11.2579	11.9881
11.2542	11.9868
11.2504	11.9855
11.2466	11.9843
11.2428	11.983
11.2391	11.9817
11.2353	11.9805
11.2316	11.9792
11.2278	11.9779
11.224	11.9767
11.2203	11.9754
11.2165	11.9741
11.2128	11.9729
11.209	11.9716
11.2053	11.9703
11.2016	11.9691
11.1978	11.9678
11.1941	11.9665
11.1904	11.9653
11.1867	11.964
11.1829	11.9627
11.1792	11.9614
11.1755	11.9602
11.1755	11.9602
11.1718	11.9589
11.1681	11.9576
11.1644	11.9563
11.1607	11.955
11.157	11.9538
11.1533	11.9525
11.1496	11.9512
11.1459	11.9499
11.1423	11.9486
11.1386	11.9473
11.1349	11.9461
11.1313	11.9448
11.1276	11.9435
11.124	11.9422
11.1203	11.9409
11.1167	11.9396
11.113	11.9383
11.1094	11.937
11.1058	11.9357
11.1022	11.9345
11.0985	11.9332
11.0949	11.9319
11.0913	11.9306
11.0877	11.9293
11.0841	11.928
11.0805	11.9267
11.077	11.9254
11.0734	11.9241
11.0698	11.9228
11.0663	11.9214
11.0627	11.9201
11.0591	11.9188
11.0556	11.9175
11.0521	11.9162
11.0485	11.9149
11.045	11.9136
11.0415	11.9123
11.038	11.911
11.0345	11.9096
11.031	11.9083
11.0275	11.907
11.024	11.9057
11.0205	11.9044
11.017	11.903
11.0136	11.9017
11.0101	11.9004
11.0067	11.899
11.0032	11.8977
10.9998	11.8964
10.9964	11.8951
10.993	11.8937
10.9895	11.8924
10.9861	11.891
10.9827	11.8897
10.9794	11.8884
10.976	11.887
10.9726	11.8857
10.9692	11.8843
10.9659	11.883
10.9625	11.8816
10.9592	11.8803
10.9559	11.8789
10.9525	11.8776
10.9492	11.8762
10.9459	11.8749
10.9426	11.8735
10.9393	11.8721
10.9361	11.8708
10.9328	11.8694
10.9295	11.8681
10.9263	11.8667
10.923	11.8653
10.9198	11.8639
10.9166	11.8626
10.9134	11.8612
10.9102	11.8598
10.907	11.8584
10.9038	11.8571
10.9006	11.8557
10.8975	11.8543
10.8943	11.8529
10.8912	11.8515
10.888	11.8501
10.8849	11.8487
10.8818	11.8473
10.8787	11.846
10.8756	11.8446
10.8725	11.8432
10.8694	11.8417
10.8664	11.8403
10.8633	11.8389
10.8603	11.8375
10.8573	11.8361
10.8542	11.8347
10.8512	11.8333
10.8482	11.8319
10.8423	11.829
10.8423	11.829
10.8364	11.8262
10.8334	11.8248
10.8305	11.8233
10.8276	11.8219
10.8247	11.8205
10.8218	11.819
10.8189	11.8176
10.816	11.8161
10.8132	11.8147
10.8103	11.8133
10.8075	11.8118
10.8047	11.8104
10.8018	11.8089
10.799	11.8074
10.7963	11.806
10.7935	11.8045
10.7907	11.8031
10.788	11.8016
10.7852	11.8001
10.7825	11.7987
10.7798	11.7972
10.7771	11.7957
10.7744	11.7942
10.7718	11.7928
10.7691	11.7913
10.7665	11.7898
10.7638	11.7883
10.7612	11.7868
10.7586	11.7853
10.756	11.7838
10.7508	11.7808
10.7483	11.7793
10.7457	11.7778
10.7432	11.7763
10.7407	11.7748
10.7382	11.7733
10.7357	11.7718
10.7332	11.7703
10.7307	11.7687
10.7282	11.7672
10.7258	11.7657
10.7233	11.7642
10.7209	11.7626
10.7185	11.7611
10.7161	11.7596
10.7113	11.7565
10.7089	11.7549
10.7065	11.7534
10.7042	11.7518
10.7018	11.7503
10.6995	11.7487
10.6972	11.7472
10.6949	11.7456
10.6926	11.744
10.6903	11.7425
10.688	11.7409
10.6857	11.7393
10.6834	11.7378
10.6812	11.7362
10.679	11.7346
10.6767	11.733
10.6745	11.7314
10.6723	11.7299
10.6701	11.7283
10.6679	11.7267
10.6657	11.7251
10.6636	11.7235
10.6614	11.7219
10.6593	11.7203
10.6571	11.7187
10.655	11.717
10.6529	11.7154
10.6507	11.7138
10.6486	11.7122
10.6465	11.7106
10.6445	11.709
10.6424	11.7073
10.6403	11.7057
10.6383	11.7041
10.6362	11.7024
10.6342	11.7008
10.6321	11.6991
10.6301	11.6975
10.6281	11.6959
10.6261	11.6942
10.6241	11.6925
10.6221	11.6909
10.6201	11.6892
10.6182	11.6876
10.6162	11.6859
10.6143	11.6842
10.6123	11.6826
10.6104	11.6809
10.6084	11.6792
10.6065	11.6775
10.6046	11.6758
10.6027	11.6742
10.6008	11.6725
10.5989	11.6708
10.597	11.6691
10.5952	11.6674
10.5933	11.6657
10.5914	11.664
10.5877	11.6606
10.5859	11.6588
10.5841	11.6571
10.5823	11.6554
10.5804	11.6537
10.5786	11.652
10.5768	11.6502
10.575	11.6485
10.5733	11.6468
10.5715	11.645
10.5697	11.6433
10.5679	11.6415
10.5662	11.6398
10.5644	11.638
10.5627	11.6363
10.5609	11.6345
10.5592	11.6328
10.5558	11.6292
10.554	11.6275
10.5523	11.6257
10.5506	11.6239
10.5489	11.6221
10.5472	11.6204
10.5456	11.6186
10.5439	11.6168
10.5405	11.6132
10.5389	11.6114
10.5372	11.6096
10.5356	11.6078
10.5339	11.606
10.5323	11.6042
10.529	11.6005
10.5274	11.5987
10.5258	11.5969
10.5242	11.595
10.521	11.5914
10.5194	11.5895
10.5178	11.5877
10.5162	11.5859
10.513	11.5822
10.5115	11.5803
10.5099	11.5784
10.5083	11.5766
10.5052	11.5728
10.5037	11.571
10.5021	11.5691
10.499	11.5653
10.4975	11.5634
10.496	11.5616
10.4929	11.5578
10.4914	11.5559
10.4899	11.554
10.4884	11.5521
10.4854	11.5482
10.4839	11.5463
10.4824	11.5444
10.4794	11.5405
10.4779	11.5386
10.4764	11.5367
10.4735	11.5328
10.472	11.5308
10.4705	11.5289
10.4676	11.525
10.4661	11.523
10.4647	11.5211
10.4617	11.5171
10.4603	11.5151
10.4588	11.5132
10.4559	11.5092
10.4545	11.5072
10.4531	11.5052
10.4502	11.5012
10.4488	11.4992
10.4459	11.4952
10.4445	11.4932
10.443	11.4912
10.4402	11.4871
10.4388	11.4851
10.4374	11.4831
10.4345	11.479
10.4331	11.4769
10.4303	11.4728
10.4289	11.4708
10.4275	11.4687
10.4246	11.4646
10.4232	11.4625
10.4204	11.4584
10.419	11.4563
10.4176	11.4542
10.4148	11.45
10.4134	11.4479
10.4106	11.4437
10.4092	11.4416
10.4064	11.4374
10.405	11.4352
10.4036	11.4331
10.4008	11.4289
10.3994	11.4267
10.3966	11.4224
10.3952	11.4203
10.3924	11.416
10.391	11.4138
10.3896	11.4117
10.3868	11.4073
10.3854	11.4051
10.3826	11.4008
10.3812	11.3986
10.3783	11.3942
10.3769	11.392
10.3741	11.3876
10.3727	11.3854
10.3713	11.3832
10.3684	11.3787
10.367	11.3765
10.3642	11.372
10.3628	11.3698
10.3599	11.3653
10.3585	11.363
10.3556	11.3585
10.3542	11.3563
10.3528	11.354
10.3499	11.3495
10.3485	11.3472
10.3456	11.3426
10.3441	11.3403
10.3413	11.3357
10.3398	11.3335
10.3384	11.3311
10.3355	11.3265
10.334	11.3242
10.3311	11.3196
10.3297	11.3173
10.3268	11.3126
10.3253	11.3103
10.3238	11.3079
10.3209	11.3033
10.3195	11.3009
10.3165	11.2962
10.3151	11.2939
10.3121	11.2891
10.3106	11.2868
10.3092	11.2844
10.3062	11.2797
10.3047	11.2773
10.3018	11.2725
10.3003	11.2701
10.2988	11.2677
10.2958	11.263
10.2944	11.2606
10.2914	11.2558
10.2899	11.2534
10.2884	11.2509
10.2854	11.2461
10.2839	11.2437
10.2809	11.2389
10.2794	11.2364
10.2779	11.234
10.2749	11.2292
10.2734	11.2267
10.2703	11.2218
10.2688	11.2194
10.2673	11.217
10.2643	11.2121
10.2627	11.2096
10.2612	11.2071
10.2582	11.2022
10.2566	11.1998
10.2536	11.1948
10.2521	11.1924
10.2505	11.1899
10.2475	11.185
10.2459	11.1825
10.2444	11.18
10.2413	11.175
10.2397	11.1725
10.2382	11.1701
10.2351	11.1651
10.2335	11.1626
10.232	11.1601
10.2289	11.1551
10.2273	11.1526
10.2242	11.1476
10.2226	11.1451
10.2211	11.1426
10.2195	11.14
10.2164	11.135
10.2148	11.1325
10.2132	11.13
10.2101	11.1249
10.2085	11.1224
10.2069	11.1199
10.2037	11.1148
10.2021	11.1123
10.2005	11.1098
10.1974	11.1047
10.1958	11.1022
10.1942	11.0996
10.191	11.0945
10.1894	11.092
10.1878	11.0895
10.1862	11.0869
10.1829	11.0818
10.1813	11.0793
10.1797	11.0767
10.1765	11.0716
10.1749	11.0691
10.1733	11.0665
10.1716	11.064
10.1684	11.0588
10.1668	11.0563
10.1651	11.0537
10.1619	11.0486
10.1602	11.046
10.1586	11.0435
10.1569	11.0409
10.1537	11.0358
10.152	11.0332
10.1504	11.0306
10.1487	11.0281
10.1454	11.0229
10.1438	11.0203
10.1421	11.0178
10.1404	11.0152
10.1371	11.01
10.1355	11.0075
10.1338	11.0049
10.1321	11.0023
10.1288	10.9972
10.1271	10.9946
10.1254	10.992
10.1237	10.9894
10.1204	10.9843
10.1187	10.9817
10.117	10.9791
10.1153	10.9765
10.1119	10.9713
10.1102	10.9688
10.1085	10.9662
10.1068	10.9636
10.1034	10.9584
10.1017	10.9558
10.1	10.9532
10.0983	10.9507
10.0966	10.9481
10.0932	10.9429
10.0914	10.9403
10.0897	10.9377
10.088	10.9351
10.0846	10.93
10.0828	10.9274
10.0811	10.9248
10.0794	10.9222
10.0776	10.9196
10.0741	10.9144
10.0724	10.9118
10.0707	10.9093
10.0689	10.9067
10.0654	10.9015
10.0637	10.8989
10.0619	10.8963
10.0601	10.8937
10.0584	10.8911
10.0549	10.886
10.0531	10.8834
10.0513	10.8808
10.0496	10.8782
10.0478	10.8756
10.0442	10.8705
10.0424	10.8679
10.0407	10.8653
10.0389	10.8627
10.0371	10.8601
10.0335	10.855
10.0317	10.8524
10.0299	10.8498
10.0281	10.8472
10.0263	10.8447
10.0245	10.8421
10.0209	10.8369
10.0191	10.8344
10.0173	10.8318
10.0155	10.8292
10.0137	10.8266
10.01	10.8215
10.0082	10.8189
10.0064	10.8164
10.0045	10.8138
10.0027	10.8112
9.99904	10.8061
9.99721	10.8035
9.99537	10.801
9.99353	10.7984
9.99169	10.7958
9.988	10.7907
9.98615	10.7881
9.9843	10.7856
9.98245	10.783
9.9806	10.7805
9.9769	10.7754
9.97504	10.7728
9.97319	10.7702
9.97133	10.7677
9.96947	10.7651
9.96575	10.76
9.96389	10.7575
9.96203	10.7549
9.96017	10.7524
9.95644	10.7473
9.95457	10.7447
9.95271	10.7422
9.95084	10.7396
9.94898	10.7371
9.94524	10.732
9.94338	10.7295
9.94151	10.7269
9.93964	10.7244
9.93591	10.7193
9.93404	10.7168
9.93217	10.7142
9.9303	10.7117
9.92657	10.7066
9.9247	10.7041
9.92284	10.7016
9.9191	10.6965
9.91724	10.694
9.91537	10.6914
9.91351	10.6889
9.90978	10.6839
9.90792	10.6813
9.90606	10.6788
9.9042	10.6763
9.90049	10.6712
9.89863	10.6687
9.89677	10.6662
9.89492	10.6637
9.89122	10.6586
9.88937	10.6561
9.88752	10.6536
9.88567	10.6511
9.88198	10.646
9.88014	10.6435
9.8783	10.641
9.87646	10.6385
9.87278	10.6335
9.87095	10.631
9.86912	10.6285
9.86729	10.626
9.86364	10.6209
9.86182	10.6184
9.86	10.6159
9.85818	10.6134
9.85455	10.6084
9.85274	10.6059
9.85093	10.6034
9.84912	10.6009
9.84552	10.5959
9.84372	10.5934
9.84193	10.5909
9.84014	10.5884
9.83835	10.5859
9.83478	10.5809
9.833	10.5784
9.83123	10.5759
9.82946	10.5734
9.82592	10.5685
9.82416	10.566
9.8224	10.5635
9.82064	10.561
9.81889	10.5585
9.8154	10.5535
9.81366	10.551
9.81192	10.5486
9.81019	10.5461
9.80673	10.5411
9.80501	10.5386
9.8033	10.5362
9.80158	10.5337
9.79988	10.5312
9.79647	10.5262
9.79478	10.5238
9.79309	10.5213
9.7914	10.5188
9.78972	10.5163
9.78637	10.5114
9.7847	10.5089
9.78304	10.5064
9.78138	10.504
9.77973	10.5015
9.77643	10.4966
9.7748	10.4941
9.77316	10.4916
9.77154	10.4892
9.76991	10.4867
9.76668	10.4818
9.76508	10.4793
9.76348	10.4769
9.76188	10.4744
9.76029	10.4719
9.75713	10.467
9.75556	10.4646
9.75399	10.4621
9.75243	10.4596
9.75087	10.4572
9.74933	10.4547
9.74625	10.4498
9.74472	10.4474
9.74319	10.4449
9.74167	10.4425
9.74016	10.44
9.73716	10.4351
9.73567	10.4327
9.73418	10.4302
9.7327	10.4278
9.73123	10.4253
9.72976	10.4229
9.72685	10.418
9.72541	10.4156
9.72397	10.4131
9.72254	10.4107
9.72111	10.4082
9.7197	10.4058
9.71689	10.4009
9.71549	10.3985
9.7141	10.396
9.71272	10.3936
9.71135	10.3912
9.70998	10.3887
9.70728	10.3839
9.70593	10.3814
9.7046	10.379
9.70327	10.3766
9.70196	10.3741
9.70064	10.3717
9.69805	10.3669
9.69676	10.3644
9.69548	10.362
9.69421	10.3596
9.69295	10.3572
9.6917	10.3547
9.69045	10.3523
9.68799	10.3475
9.68677	10.345
9.68555	10.3426
9.68435	10.3402
9.68316	10.3378
9.68197	10.3354
9.6808	10.3329
9.67963	10.3305
9.67847	10.3281
9.67732	10.3257
9.67618	10.3233
9.67505	10.3209
9.67393	10.3185
9.67282	10.316
9.67172	10.3136
9.67062	10.3112
9.66954	10.3088
9.66846	10.3064
9.6674	10.304
9.66634	10.3016
9.6653	10.2992
9.66426	10.2968
9.66323	10.2944
9.66222	10.292
9.66222	10.292
9.66121	10.2896
9.66021	10.2872
9.65923	10.2848
9.65825	10.2824
9.65728	10.28
9.65633	10.2776
9.65538	10.2752
9.65538	10.2752
9.65444	10.2728
9.65352	10.2704
9.6526	10.268
9.6517	10.2656
9.6508	10.2632
9.64992	10.2608
9.64905	10.2584
9.64905	10.2584
9.64818	10.256
9.64733	10.2536
9.64649	10.2512
9.64566	10.2488
9.64484	10.2464
9.64403	10.244
9.64323	10.2417
9.64244	10.2393
9.64244	10.2393
9.64166	10.2369
9.64089	10.2345
9.64013	10.2321
9.63938	10.2297
9.63863	10.2273
9.6379	10.225
9.63718	10.2226
9.63647	10.2202
9.63647	10.2202
9.63577	10.2178
9.63508	10.2155
9.6344	10.2131
9.63372	10.2107
9.63306	10.2083
9.63241	10.206
9.63176	10.2036
9.63112	10.2012
9.6305	10.1989
9.62988	10.1965
9.62927	10.1941
9.62927	10.1941
9.62867	10.1918
9.62808	10.1894
9.6275	10.1871
9.62693	10.1847
9.62636	10.1824
9.62581	10.18
9.62526	10.1776
9.62472	10.1753
9.6242	10.173
9.62367	10.1706
9.62316	10.1683
9.62266	10.1659
9.62216	10.1636
9.62168	10.1612
9.6212	10.1589
9.62072	10.1566
9.62026	10.1542
9.62026	10.1542
9.61981	10.1519
9.61936	10.1496
9.61892	10.1473
9.61849	10.1449
9.61807	10.1426
9.61765	10.1403
9.61724	10.138
9.61684	10.1357
9.61645	10.1334
9.61606	10.131
9.61569	10.1287
9.61531	10.1264
9.61495	10.1241
9.6146	10.1218
9.61425	10.1195
9.61391	10.1172
9.61357	10.115
9.61324	10.1127
9.61292	10.1104
9.61261	10.1081
9.6123	10.1058
9.61171	10.1013
9.61142	10.099
9.61115	10.0967
9.61087	10.0944
9.61061	10.0922
9.61035	10.0899
9.61009	10.0877
9.60984	10.0854
9.6096	10.0832
9.60914	10.0787
9.60892	10.0764
9.6087	10.0742
9.60849	10.0719
9.60829	10.0697
9.60809	10.0675
9.60771	10.063
9.60753	10.0608
9.60735	10.0586
9.60718	10.0564
9.60686	10.052
9.60671	10.0498
9.60656	10.0476
9.60628	10.0432
9.60615	10.041
9.60602	10.0388
9.60578	10.0344
9.60567	10.0323
9.60546	10.0279
9.60537	10.0257
9.60527	10.0236
9.6051	10.0193
9.60503	10.0171
9.60488	10.0128
9.60482	10.0107
9.6047	10.0065
9.60465	10.0043
9.60456	10.0001
9.60452	9.99798
9.60445	9.99377
9.60442	9.99167
9.60438	9.98749
9.60436	9.9854
9.60434	9.98125
9.60433	9.97917
9.60433	9.97504
9.60434	9.97093
9.60436	9.96888
9.60439	9.96479
9.60441	9.96276
9.60446	9.9587
9.60449	9.95668
9.60456	9.95265
9.60463	9.94864
9.60468	9.94665
9.60477	9.94267
9.60488	9.93871
9.60493	9.93674
9.60505	9.93281
9.60518	9.9289
9.60531	9.92501
9.60538	9.92308
9.60553	9.91922
9.60568	9.91539
9.60584	9.91158
9.60601	9.90779
9.60618	9.90402
9.60627	9.90215
9.60645	9.89842
9.60663	9.89471
9.60682	9.89102
9.60701	9.88736
9.60721	9.88372
9.6075	9.8783
9.6076	9.87651
9.60781	9.87294
9.60811	9.86764
9.60831	9.86413
9.60852	9.86065
9.60872	9.8572
9.60893	9.85377
9.60923	9.84867
9.60943	9.84531
9.60972	9.84031
9.60992	9.83702
9.61011	9.83375
9.61029	9.8305
9.61056	9.82569
9.61074	9.82252
9.6109	9.81937
9.61114	9.81471
9.6113	9.81164
9.61144	9.80859
9.61158	9.80558
9.61171	9.80259
9.61189	9.79817
9.61199	9.79526
9.61209	9.79238
9.61218	9.78953
9.61226	9.78671
9.61233	9.78392
9.61242	9.77979
9.61247	9.77706
9.61251	9.77437
9.61256	9.77037
9.61259	9.76774
9.61261	9.76514
9.61263	9.76127
9.61263	9.75872
9.61263	9.75494
9.61262	9.75121
9.6126	9.74753
9.61259	9.7451
9.61256	9.74149
9.61253	9.73792
9.61249	9.7344
9.61243	9.72975
9.61239	9.72631
9.61235	9.7229
9.61229	9.71841
9.61226	9.71507
9.61222	9.71066
9.61219	9.70738
9.61217	9.70413
9.61216	9.70089
9.61216	9.69767
9.61217	9.69554
9.61219	9.69234
9.61221	9.69022
9.61224	9.68811
9.61227	9.686
9.61231	9.68389
9.61236	9.68179
9.61241	9.67969
9.61247	9.67759
9.61254	9.6755
9.61262	9.6734
9.61271	9.67131
9.61281	9.66922
9.61291	9.66712
9.61303	9.66503
9.61309	9.66398
9.61323	9.66188
9.61337	9.65978
9.61353	9.65768
9.61361	9.65662
9.61378	9.65451
9.61397	9.6524
9.61407	9.65134
9.61427	9.64922
9.61449	9.64709
9.61461	9.64602
9.61485	9.64388
9.6151	9.64174
9.61523	9.64066
9.61551	9.6385
9.61565	9.63742
9.61595	9.63525
9.6161	9.63416
9.61642	9.63197
9.61676	9.62977
9.61694	9.62867
9.6173	9.62646
9.61749	9.62534
9.61787	9.62311
9.61807	9.62199
9.61849	9.61974
9.6187	9.6186
9.61915	9.61633
9.61937	9.61519
9.61984	9.61289
9.62009	9.61174
9.62059	9.60942
9.62084	9.60825
9.62137	9.60591
9.62164	9.60473
9.62192	9.60354
9.62249	9.60116
9.62279	9.59997
9.62339	9.59756
9.6237	9.59635
9.62433	9.59391
9.62466	9.59268
9.62499	9.59145
9.62567	9.58897
9.62602	9.58773
9.62673	9.58521
9.6271	9.58395
9.62785	9.58141
9.62823	9.58012
9.62862	9.57884
9.62942	9.57625
9.62982	9.57494
9.63066	9.57231
9.63109	9.57099
9.63152	9.56966
9.63241	9.56698
9.63286	9.56563
9.63378	9.56291
9.63426	9.56154
9.63474	9.56017
9.63571	9.55739
9.63621	9.55599
9.63672	9.55459
9.63775	9.55176
9.63828	9.55033
9.63936	9.54745
9.63991	9.546
9.64046	9.54455
9.6416	9.54161
9.64217	9.54013
9.64276	9.53864
9.64395	9.53564
9.64456	9.53413
9.64517	9.53261
9.64643	9.52954
9.64706	9.52799
9.64836	9.52487
9.64902	9.5233
9.64969	9.52172
9.65105	9.51853
9.65175	9.51693
9.65245	9.51531
9.65387	9.51205
9.6546	9.51041
9.65607	9.5071
9.65681	9.50543
9.65833	9.50207
9.65987	9.49867
9.66145	9.49525
9.66224	9.49352
9.66386	9.49004
9.66468	9.48829
9.66633	9.48477
9.66802	9.48121
9.66973	9.47762
9.67059	9.47581
9.67234	9.47218
9.67412	9.46851
9.67502	9.46667
9.67683	9.46295
9.67867	9.45921
9.6796	9.45733
9.68147	9.45354
9.68241	9.45164
9.68432	9.44781
9.68626	9.44395
9.68723	9.44201
9.68919	9.43811
9.69118	9.43418
9.69218	9.4322
9.6942	9.42823
9.69624	9.42423
9.69727	9.42222
9.69934	9.41819
9.70038	9.41616
9.70248	9.41208
9.7046	9.40798
9.70566	9.40592
9.70781	9.40178
9.70997	9.39761
9.71106	9.39552
9.71325	9.39132
9.71435	9.38921
9.71656	9.38497
9.71879	9.38071
9.71991	9.37857
9.72217	9.37428
9.72444	9.36996
9.72558	9.36779
9.72672	9.36562
9.72902	9.36125
9.73133	9.35687
9.73249	9.35467
9.73482	9.35025
9.73599	9.34803
9.73834	9.34358
9.73952	9.34135
9.74189	9.33687
9.74427	9.33237
9.74546	9.33012
9.74785	9.32559
9.74906	9.32332
9.75147	9.31876
9.75268	9.31648
9.7551	9.31189
9.75632	9.30959
9.75876	9.30498
9.75998	9.30267
9.76243	9.29803
9.76366	9.2957
9.76612	9.29104
9.76735	9.2887
9.76983	9.28401
9.77231	9.27931
9.77355	9.27695
9.77604	9.27222
9.77728	9.26985
9.77853	9.26748
9.78103	9.26272
9.78228	9.26033
9.78478	9.25555
9.78604	9.25316
9.78729	9.25076
9.7898	9.24595
9.79106	9.24354
9.79358	9.23871
9.79484	9.23629
9.79736	9.23144
9.79862	9.22901
9.79988	9.22658
9.8024	9.22171
9.80366	9.21926
9.80493	9.21682
9.80745	9.21192
9.80871	9.20947
9.81124	9.20456
9.8125	9.2021
9.81376	9.19963
9.81628	9.1947
9.81754	9.19223
9.8188	9.18975
9.82132	9.1848
9.82258	9.18232
9.82384	9.17983
9.82635	9.17486
9.82761	9.17237
9.83011	9.16738
9.83137	9.16489
9.83262	9.16239
9.83512	9.15738
9.83637	9.15488
9.83761	9.15237
9.8401	9.14736
9.84135	9.14484
9.84259	9.14233
9.84383	9.13982
9.8463	9.13478
9.84754	9.13226
9.84877	9.12974
9.85123	9.12469
9.85246	9.12217
9.85491	9.11711
9.85613	9.11458
9.85735	9.11205
9.85857	9.10952
9.861	9.10446
9.86221	9.10192
9.86342	9.09938
9.86462	9.09685
9.86703	9.09177
9.86823	9.08923
9.86942	9.08669
9.87181	9.08161
9.87299	9.07906
9.87418	9.07652
9.87536	9.07398
9.87771	9.06889
9.87889	9.06634
9.88006	9.0638
9.88239	9.0587
9.88355	9.05616
9.8847	9.05361
9.88586	9.05106
9.88815	9.04597
9.88929	9.04342
9.89043	9.04087
9.8927	9.03578
9.89383	9.03323
9.89495	9.03068
9.89719	9.02558
9.8983	9.02304
9.89941	9.02049
9.90051	9.01794
9.90161	9.0154
9.9038	9.01031
9.90488	9.00776
9.90597	9.00522
9.90705	9.00267
9.90919	8.99759
9.91026	8.99504
9.91132	8.9925
9.91343	8.98742
9.91448	8.98488
9.91553	8.98234
9.91657	8.9798
9.91865	8.97473
9.91968	8.97219
9.92071	8.96966
9.92276	8.96459
9.92378	8.96206
9.9248	8.95953
9.92683	8.95447
9.92783	8.95194
9.92884	8.94942
9.93084	8.94437
9.93184	8.94185
9.93283	8.93932
9.93481	8.93429
9.9358	8.93177
9.93776	8.92674
9.93874	8.92422
9.93972	8.92171
9.94166	8.91669
9.94263	8.91418
9.94457	8.90917
9.94553	8.90667
9.9465	8.90417
9.94842	8.89917
9.94937	8.89668
9.95128	8.89169
9.95224	8.8892
9.95414	8.88422
9.95509	8.88174
9.95698	8.87678
9.95793	8.8743
9.95981	8.86934
9.96076	8.86687
9.96264	8.86193
9.96358	8.85947
9.96546	8.85454
9.96639	8.85208
9.96827	8.84717
9.9692	8.84471
9.97108	8.83982
9.97201	8.83737
9.97388	8.83249
9.97482	8.83005
9.97669	8.82518
9.97762	8.82275
9.9795	8.8179
9.98043	8.81548
9.98137	8.81306
9.98324	8.80823
9.98418	8.80581
9.98606	8.801
9.987	8.7986
9.98888	8.7938
9.98982	8.79141
9.99171	8.78663
9.99266	8.78424
9.99455	8.77949
9.9955	8.77711
9.99645	8.77474
9.99836	8.77
9.99931	8.76764
10.0003	8.76528
10.0022	8.76057
10.0032	8.75823
10.0051	8.75354
10.006	8.7512
10.007	8.74886
10.009	8.74421
10.0099	8.74188
10.0119	8.73724
10.0129	8.73493
10.0139	8.73262
10.0158	8.72801
10.0168	8.72571
10.0178	8.72342
10.0198	8.71884
10.0208	8.71656
10.0218	8.71428
10.0239	8.70973
10.0249	8.70747
10.0259	8.7052
10.0279	8.70069
10.029	8.69844
10.03	8.69619
10.031	8.69395
10.0331	8.68948
10.0342	8.68725
10.0352	8.68503
10.0373	8.68059
10.0384	8.67838
10.0405	8.67397
10.0416	8.67177
10.0427	8.66958
10.0437	8.66739
10.0448	8.6652
10.047	8.66085
10.0481	8.65867
10.0492	8.65651
10.0503	8.65435
10.0525	8.65004
10.0537	8.64789
10.0548	8.64575
10.0559	8.64361
10.057	8.64148
10.0582	8.63935
10.0593	8.63723
10.0605	8.63511
10.0616	8.633
10.0628	8.63089
10.064	8.62879
10.0651	8.62669
10.0663	8.6246
10.0675	8.62251
10.0687	8.62043
10.0699	8.61835
10.0711	8.61628
10.0723	8.61422
10.0735	8.61215
10.0747	8.6101
10.0759	8.60805
10.0771	8.606
10.0784	8.60397
10.0796	8.60193
10.0808	8.5999
10.0821	8.59788
10.0834	8.59586
10.0846	8.59385
10.0859	8.59184
10.0859	8.59184
10.0872	8.58984
10.0884	8.58785
10.0897	8.58586
10.091	8.58388
10.0923	8.5819
10.0936	8.57993
10.0949	8.57796
10.0963	8.576
10.0976	8.57405
10.0989	8.5721
10.1003	8.57015
10.1016	8.56822
10.1016	8.56822
10.1043	8.56436
10.1043	8.56436
10.1057	8.56244
10.1071	8.56053
10.1085	8.55862
10.1099	8.55672
10.1113	8.55483
10.1127	8.55294
10.1141	8.55106
10.1141	8.55106
10.1155	8.54918
10.1169	8.54731
10.1184	8.54545
10.1198	8.54359
10.1213	8.54174
10.1227	8.5399
10.1242	8.53806
10.1257	8.53623
10.1257	8.53623
10.1272	8.53441
10.1287	8.53259
10.1302	8.53078
10.1317	8.52897
10.1332	8.52717
10.1347	8.52538
10.1347	8.52538
10.1363	8.52359
10.1378	8.52182
10.1393	8.52004
10.1409	8.51828
10.1425	8.51652
10.1441	8.51477
10.1441	8.51477
10.1456	8.51302
10.1472	8.51128
10.1488	8.50955
10.1505	8.50783
10.1521	8.50611
10.1537	8.5044
10.1537	8.5044
10.1553	8.5027
10.157	8.501
10.1587	8.49931
10.1603	8.49763
10.162	8.49595
10.162	8.49595
10.1637	8.49428
10.1654	8.49262
10.1671	8.49097
10.1688	8.48932
10.1705	8.48768
10.1705	8.48768
10.1723	8.48605
10.174	8.48442
10.1758	8.4828
10.1775	8.48119
10.1793	8.47958
10.1811	8.47799
10.1811	8.47799
10.1828	8.47639
10.1846	8.47481
10.1864	8.47323
10.1882	8.47166
10.1901	8.4701
10.1919	8.46854
10.1919	8.46854
10.1937	8.46699
10.1956	8.46545
10.1974	8.46391
10.1993	8.46238
10.2012	8.46086
10.203	8.45934
10.2049	8.45783
10.2049	8.45783
10.2068	8.45633
10.2087	8.45483
10.2106	8.45335
10.2125	8.45186
10.2145	8.45039
10.2145	8.45039
10.2164	8.44892
10.2183	8.44746
10.2203	8.446
10.2223	8.44456
10.2242	8.44312
10.2262	8.44168
10.2282	8.44025
10.2282	8.44025
10.2302	8.43883
10.2322	8.43742
10.2342	8.43601
10.2362	8.43461
10.2382	8.43321
10.2402	8.43183
10.2423	8.43045
10.2423	8.43045
10.2443	8.42907
10.2464	8.4277
10.2484	8.42634
10.2505	8.42499
10.2525	8.42364
10.2546	8.4223
10.2567	8.42097
10.2588	8.41964
10.2588	8.41964
10.2609	8.41832
10.263	8.417
10.2651	8.41569
10.2672	8.41439
10.2694	8.4131
10.2715	8.41181
10.2737	8.41053
10.2758	8.40925
10.2758	8.40925
10.278	8.40798
10.2801	8.40672
10.2823	8.40547
10.2845	8.40422
10.2866	8.40297
10.2888	8.40174
10.291	8.40051
10.2932	8.39928
10.2932	8.39928
10.2954	8.39807
10.2977	8.39686
10.2999	8.39565
10.3021	8.39446
10.3043	8.39327
10.3066	8.39208
10.3088	8.3909
10.3111	8.38973
10.3133	8.38857
10.3156	8.38741
10.3179	8.38625
10.3179	8.38625
10.3201	8.38511
10.3224	8.38397
10.3247	8.38283
10.327	8.38171
10.3293	8.38059
10.3316	8.37947
10.3339	8.37836
10.3363	8.37726
10.3363	8.37726
10.3386	8.37617
10.3409	8.37508
10.3432	8.37399
10.3456	8.37292
10.3479	8.37185
10.3503	8.37078
10.3526	8.36973
10.355	8.36867
10.3574	8.36763
10.3597	8.36659
10.3621	8.36556
10.3645	8.36453
10.3669	8.36351
10.3693	8.3625
10.3717	8.36149
10.3741	8.36049
10.3765	8.35949
10.3789	8.3585
10.3813	8.35752
10.3838	8.35654
10.3862	8.35557
10.3886	8.3546
10.3911	8.35364
10.3935	8.35269
10.3984	8.3508
10.4009	8.34987
10.4033	8.34894
10.4058	8.34802
10.4083	8.3471
10.4107	8.34619
10.4132	8.34529
10.4157	8.34439
10.4182	8.3435
10.4207	8.34261
10.4257	8.34086
10.4282	8.33999
10.4307	8.33913
10.4332	8.33827
10.4357	8.33742
10.4383	8.33658
10.4408	8.33574
10.4458	8.33408
10.4484	8.33326
10.4509	8.33245
10.4535	8.33164
10.456	8.33084
10.4586	8.33004
10.4637	8.32847
10.4663	8.32769
10.4688	8.32691
10.4714	8.32615
10.474	8.32539
10.4766	8.32463
10.4817	8.32314
10.4843	8.3224
10.4869	8.32167
10.4895	8.32094
10.4921	8.32022
10.4973	8.3188
10.4999	8.31809
10.5025	8.3174
10.5051	8.3167
10.5078	8.31602
10.5104	8.31534
10.5156	8.31399
10.5183	8.31333
10.5209	8.31267
10.5235	8.31202
10.5262	8.31138
10.5288	8.31074
10.5341	8.30947
10.5367	8.30885
10.5394	8.30823
10.542	8.30762
10.5474	8.30641
10.55	8.30582
10.5527	8.30523
10.5553	8.30464
10.558	8.30406
10.5607	8.30349
10.5633	8.30292
10.5687	8.30181
10.5714	8.30126
10.574	8.30071
10.5767	8.30017
10.5794	8.29964
10.5848	8.29859
10.5875	8.29807
10.5902	8.29756
10.5928	8.29705
10.5955	8.29655
10.6009	8.29556
10.6036	8.29508
10.6063	8.2946
10.609	8.29412
10.6117	8.29366
10.6171	8.29274
10.6198	8.29228
10.6226	8.29184
10.6253	8.2914
10.628	8.29096
10.6334	8.2901
10.6361	8.28968
10.6388	8.28927
10.6415	8.28886
10.6443	8.28845
10.6497	8.28766
10.6524	8.28727
10.6551	8.28689
10.6578	8.28651
10.6606	8.28614
10.666	8.28541
10.6687	8.28506
10.6715	8.28471
10.6742	8.28436
10.6769	8.28402
10.6824	8.28335
10.6851	8.28303
10.6878	8.28271
10.6905	8.28239
10.6933	8.28208
10.6987	8.28148
10.7014	8.28119
10.7042	8.2809
10.7096	8.28033
10.7123	8.28006
10.7151	8.27979
10.7178	8.27953
10.7205	8.27927
10.7233	8.27901
10.7287	8.27852
10.7314	8.27828
10.7342	8.27804
10.7369	8.27781
10.7424	8.27737
10.7451	8.27715
10.7478	8.27694
10.7505	8.27673
10.7533	8.27653
10.7587	8.27614
10.7615	8.27595
10.7642	8.27576
10.7669	8.27558
10.7724	8.27524
10.7751	8.27507
10.7778	8.27491
10.7833	8.27459
10.786	8.27444
10.7888	8.2743
10.7915	8.27415
10.7942	8.27402
10.7997	8.27375
10.8024	8.27363
10.8052	8.27351
10.8079	8.27339
10.8134	8.27317
10.8161	8.27306
10.8188	8.27296
10.8243	8.27277
10.827	8.27268
10.8297	8.27259
10.8325	8.27251
10.8379	8.27236
10.8407	8.27228
10.8434	8.27222
10.8461	8.27215
10.8516	8.27203
10.8543	8.27198
10.8571	8.27193
10.8626	8.27184
10.8653	8.2718
10.868	8.27176
10.8708	8.27173
10.8762	8.27167
10.879	8.27165
10.8817	8.27163
10.8872	8.27159
10.8899	8.27158
10.8926	8.27158
10.8954	8.27157
10.9008	8.27157
10.9036	8.27157
10.9091	8.27159
10.9118	8.2716
10.9145	8.27162
10.9173	8.27164
10.9227	8.27168
10.9255	8.27171
10.9282	8.27174
10.9337	8.27181
10.9364	8.27185
10.9392	8.27189
10.9446	8.27197
10.9474	8.27202
10.9501	8.27207
10.9556	8.27218
10.9583	8.27224
10.9611	8.2723
10.9665	8.27243
10.9693	8.27249
10.972	8.27256
10.9775	8.27271
10.9802	8.27278
10.983	8.27286
10.9884	8.27302
10.9912	8.27311
10.9939	8.27319
10.9994	8.27337
11.0021	8.27347
11.0049	8.27356
11.0103	8.27375
11.0131	8.27385
11.0158	8.27396
11.0213	8.27416
11.024	8.27427
11.0295	8.27449
11.0323	8.2746
11.035	8.27471
11.0405	8.27495
11.0432	8.27506
11.046	8.27518
11.0514	8.27543
11.0542	8.27555
11.0597	8.2758
11.0624	8.27593
11.0651	8.27606
11.0706	8.27632
11.0734	8.27645
11.0761	8.27659
11.0816	8.27686
11.0843	8.277
11.0898	8.27727
11.0925	8.27741
11.0953	8.27755
11.1008	8.27784
11.1035	8.27798
11.109	8.27827
11.1117	8.27842
11.1145	8.27857
11.1199	8.27886
11.1227	8.27901
11.1282	8.27931
11.1309	8.27947
11.1336	8.27962
11.1391	8.27992
11.1419	8.28008
11.1473	8.28038
11.1501	8.28054
11.1556	8.28085
11.1583	8.281
11.1638	8.28132
11.1665	8.28147
11.1693	8.28163
11.1747	8.28194
11.1802	8.28225
11.183	8.28241
11.1857	8.28257
11.1912	8.28288
11.1939	8.28304
11.1994	8.28335
11.2022	8.28351
11.2049	8.28367
11.2104	8.28398
11.2131	8.28413
11.2186	8.28444
11.2213	8.2846
11.2268	8.28491
11.2296	8.28506
11.235	8.28536
11.2378	8.28552
11.2405	8.28567
11.246	8.28597
11.2487	8.28612
11.2542	8.28641
11.257	8.28656
11.2597	8.28671
11.2652	8.287
11.2679	8.28714
11.2734	8.28743
11.2761	8.28757
11.2789	8.28771
11.2844	8.28799
11.2871	8.28812
11.2926	8.28839
11.2953	8.28853
11.2981	8.28866
11.3035	8.28892
11.3063	8.28905
11.3118	8.28931
11.3145	8.28943
11.3172	8.28956
11.3227	8.2898
11.3255	8.28992
11.3309	8.29015
11.3337	8.29027
11.3364	8.29038
11.3419	8.29061
11.3446	8.29072
11.3474	8.29083
11.3529	8.29104
11.3583	8.29125
11.3611	8.29135
11.3638	8.29146
11.3693	8.29166
11.372	8.29175
11.3748	8.29185
11.3802	8.29204
11.383	8.29213
11.3857	8.29222
11.3912	8.2924
11.3939	8.29249
11.3994	8.29266
11.4022	8.29275
11.4076	8.29291
11.4104	8.293
11.4131	8.29308
11.4186	8.29323
11.4213	8.29331
11.4268	8.29346
11.4295	8.29353
11.4323	8.29361
11.4377	8.29375
11.4405	8.29382
11.4432	8.29388
11.4487	8.29402
11.4514	8.29408
11.4569	8.29421
11.4597	8.29427
11.4651	8.2944
11.4679	8.29445
11.4706	8.29451
11.4761	8.29463
11.4788	8.29468
11.4843	8.29479
11.487	8.29484
11.4898	8.2949
11.4952	8.295
11.498	8.29505
11.5007	8.29509
11.5062	8.29519
11.5117	8.29528
11.5144	8.29532
11.5171	8.29537
11.5226	8.29545
11.5253	8.29549
11.5281	8.29553
11.5336	8.29561
11.5363	8.29565
11.5418	8.29572
11.5445	8.29576
11.5472	8.29579
11.5527	8.29586
11.5582	8.29592
11.5609	8.29596
11.5637	8.29599
11.5691	8.29605
11.5719	8.29607
11.5773	8.29613
11.5801	8.29616
11.5828	8.29618
11.5883	8.29623
11.591	8.29626
11.5965	8.2963
11.5992	8.29632
11.602	8.29635
11.6074	8.29639
11.6129	8.29643
11.6157	8.29645
11.6184	8.29646
11.6239	8.2965
11.6266	8.29652
11.6293	8.29653
11.6348	8.29656
11.6375	8.29658
11.643	8.29661
11.6458	8.29662
11.6512	8.29664
11.654	8.29666
11.6567	8.29667
11.6622	8.29669
11.6649	8.2967
11.6704	8.29672
11.6759	8.29674
11.6786	8.29675
11.6813	8.29675
11.6868	8.29677
11.6895	8.29678
11.6923	8.29678
11.6977	8.29679
11.7005	8.2968
11.7059	8.29681
11.7114	8.29682
11.7142	8.29682
11.7169	8.29683
11.7224	8.29684
11.7251	8.29684
11.7278	8.29684
11.7333	8.29685
11.736	8.29685
11.7415	8.29685
11.7442	8.29686
11.7497	8.29686
11.7525	8.29686
11.7579	8.29686
11.7607	8.29686
11.7661	8.29687
11.7689	8.29687
11.7743	8.29687
11.7771	8.29687
11.7826	8.29687
11.7853	8.29687
11.788	8.29687
11.7935	8.29687
11.7962	8.29687
11.8017	8.29687
11.8044	8.29687
11.8099	8.29687
11.8126	8.29687
11.8154	8.29687
11.8209	8.29687
11.8236	8.29687
11.8291	8.29687
11.8318	8.29687
11.8373	8.29687
11.84	8.29687
11.8455	8.29687
11.8482	8.29687
11.8537	8.29687
11.8564	8.29687
11.8619	8.29687
11.8646	8.29687
11.8674	8.29688
11.8728	8.29688
11.8783	8.29688
11.881	8.29689
11.8865	8.29689
11.8892	8.2969
11.892	8.2969
11.8975	8.29691
11.9002	8.29691
11.9029	8.29692
11.9084	8.29693
11.9111	8.29693
11.9166	8.29694
11.9193	8.29695
11.9248	8.29696
11.9276	8.29697
11.933	8.29698
11.9358	8.29699
11.9412	8.29701
11.944	8.29702
11.9467	8.29703
11.9522	8.29705
11.9549	8.29706
11.9604	8.29708
11.9631	8.2971
11.9686	8.29712
11.9713	8.29713
11.9741	8.29715
11.9795	8.29717
11.985	8.2972
11.9877	8.29722
11.9932	8.29725
11.996	8.29726
11.9987	8.29728
12.0042	8.29731
12.0069	8.29733
12.0096	8.29735
12.0151	8.29738
12.0179	8.2974
12.0233	8.29744
12.0261	8.29746
12.0315	8.2975
12.0343	8.29752
12.0397	8.29756
12.0425	8.29758
12.0452	8.2976
12.0507	8.29765
12.0534	8.29767
12.0589	8.29772
12.0616	8.29774
12.0671	8.29779
12.0698	8.29781
12.0753	8.29786
12.0781	8.29788
12.0808	8.29791
12.0863	8.29796
12.0917	8.29801
12.0945	8.29804
12.0972	8.29807
12.1027	8.29812
12.1054	8.29815
12.1109	8.2982
12.1136	8.29823
12.1164	8.29826
12.1218	8.29832
12.1246	8.29835
12.1301	8.2984
12.1328	8.29843
12.1383	8.29849
12.141	8.29852
12.1465	8.29859
12.1492	8.29862
12.1519	8.29865
12.1574	8.29871
12.1602	8.29874
12.1656	8.29881
12.1684	8.29884
12.1738	8.29891
12.1766	8.29894
12.1821	8.29901
12.1848	8.29904
12.1903	8.29911
12.193	8.29914
12.1985	8.29921
12.2012	8.29924
12.2067	8.29931
12.2094	8.29935
12.2122	8.29938
12.2176	8.29946
12.2204	8.29949
12.2258	8.29956
12.2286	8.2996
12.2313	8.29964
12.2368	8.29971
12.2395	8.29975
12.245	8.29982
12.2477	8.29986
12.2532	8.29993
12.256	8.29997
12.2614	8.30005
12.2642	8.30009
12.2696	8.30016
12.2724	8.3002
12.2778	8.30028
12.2806	8.30032
12.2833	8.30036
12.2888	8.30043
12.2943	8.30051
12.297	8.30055
12.2997	8.30059
12.3052	8.30067
12.308	8.30071
12.3134	8.30079
12.3162	8.30083
12.3189	8.30087
12.3244	8.30095
12.3271	8.30099
12.3326	8.30107
12.3353	8.30111
12.3408	8.3012
12.3435	8.30124
12.349	8.30132
12.3517	8.30136
12.3572	8.30144
12.36	8.30148
12.3654	8.30157
12.3682	8.30161
12.3709	8.30165
12.3764	8.30173
12.3791	8.30177
12.3846	8.30186
12.3873	8.3019
12.3928	8.30198
12.3955	8.30202
12.401	8.30211
12.4038	8.30215
12.4092	8.30223
12.412	8.30227
12.4174	8.30236
12.4202	8.3024
12.4229	8.30244
12.4284	8.30252
12.4311	8.30257
12.4366	8.30265
12.4393	8.30269
12.4448	8.30278
12.4475	8.30282
12.453	8.3029
12.4558	8.30294
12.4612	8.30303
12.464	8.30307
12.4667	8.30311
12.4722	8.30319
12.4749	8.30323
12.4804	8.30332
12.4831	8.30336
12.4886	8.30344
12.4913	8.30348
12.4968	8.30357
12.4995	8.30361
12.505	8.30369
12.5078	8.30373
12.5132	8.30381
12.516	8.30385
12.5214	8.30393
12.5242	8.30397
12.5296	8.30406
12.5324	8.3041
12.5351	8.30414
12.5406	8.30422
12.5433	8.30426
12.5488	8.30434
12.5515	8.30438
12.557	8.30446
12.5598	8.3045
12.5652	8.30457
12.568	8.30461
12.5707	8.30465
12.5762	8.30473
12.5789	8.30477
12.5844	8.30485
12.5871	8.30489
12.5926	8.30496
12.5953	8.305
12.5981	8.30504
12.6035	8.30512
12.609	8.30519
12.6117	8.30523
12.6145	8.30527
12.62	8.30534
12.6227	8.30538
12.6282	8.30545
12.6309	8.30549
12.6364	8.30556
12.6391	8.3056
12.6418	8.30564
12.6473	8.30571
12.6528	8.30578
12.6555	8.30582
12.6583	8.30586
12.6637	8.30593
12.6692	8.306
12.6719	8.30604
12.6747	8.30607
12.6802	8.30614
12.6829	8.30618
12.6884	8.30625
12.6911	8.30629
12.6938	8.30632
12.6993	8.30639
12.702	8.30643
12.7075	8.3065
12.7103	8.30653
12.7157	8.3066
12.7185	8.30664
12.7239	8.3067
12.7267	8.30674
12.7321	8.30681
12.7349	8.30684
12.7404	8.30691
12.7431	8.30694
12.7458	8.30698
12.7513	8.30705
12.754	8.30708
12.7595	8.30715
12.7622	8.30718
12.7677	8.30725
12.7705	8.30728
12.7759	8.30735
12.7787	8.30738
12.7841	8.30745
12.7869	8.30748
12.7896	8.30751
12.7951	8.30758
12.7978	8.30761
12.8033	8.30768
12.806	8.30771
12.8115	8.30778
12.8142	8.30781
12.817	8.30784
12.8224	8.30791
12.8279	8.30797
12.8307	8.308
12.8361	8.30807
12.8389	8.3081
12.8416	8.30813
12.8471	8.3082
12.8498	8.30823
12.8553	8.30829
12.858	8.30833
12.8608	8.30836
12.8662	8.30842
12.869	8.30845
12.8744	8.30852
12.8772	8.30855
12.8826	8.30861
12.8854	8.30864
12.8909	8.30871
12.8936	8.30874
12.8991	8.3088
12.9018	8.30883
12.9073	8.3089
12.91	8.30893
12.9127	8.30896
12.9182	8.30902
12.921	8.30905
12.9264	8.30911
12.9292	8.30915
12.9346	8.30921
12.9401	8.30927
12.9429	8.3093
12.9456	8.30933
12.9511	8.30939
12.9538	8.30943
12.9565	8.30946
12.962	8.30952
12.9647	8.30955
12.9702	8.30961
12.973	8.30964
12.9784	8.3097
12.9812	8.30973
12.9866	8.3098
12.9894	8.30983
12.9949	8.30989
12.9976	8.30992
13.0031	8.30998
13.0058	8.31001
13.0085	8.31004
13.014	8.3101
13.0167	8.31013
13.0222	8.3102
13.025	8.31023
13.0304	8.31029
13.0332	8.31032
13.0386	8.31038
13.0414	8.31041
13.0469	8.31047
13.0496	8.3105
13.0523	8.31053
13.0578	8.31059
13.0605	8.31063
13.066	8.31069
13.0688	8.31072
13.0742	8.31078
13.077	8.31081
13.0824	8.31087
13.0852	8.3109
13.0907	8.31096
13.0934	8.31099
13.0989	8.31106
13.1016	8.31109
13.1043	8.31112
13.1098	8.31118
13.1126	8.31121
13.118	8.31127
13.1208	8.3113
13.1262	8.31136
13.129	8.3114
13.1345	8.31146
13.1372	8.31149
13.1427	8.31155
13.1454	8.31158
13.1509	8.31164
13.1536	8.31168
13.1591	8.31174
13.1618	8.31177
13.1673	8.31183
13.1701	8.31186
13.1728	8.31189
13.1783	8.31196
13.181	8.31199
13.1865	8.31205
13.1892	8.31208
13.192	8.31211
13.1974	8.31218
13.2002	8.31221
13.2056	8.31227
13.2111	8.31234
13.2139	8.31237
13.2166	8.3124
13.2221	8.31246
13.2248	8.3125
13.2303	8.31256
13.233	8.31259
13.2385	8.31266
13.2413	8.31269
13.244	8.31272
13.2495	8.31278
13.2549	8.31285
13.2577	8.31288
13.2632	8.31295
13.2659	8.31298
13.2714	8.31304
13.2741	8.31307
13.2769	8.31311
13.2823	8.31317
13.2851	8.3132
13.2905	8.31327
13.2933	8.3133
13.296	8.31333
13.3015	8.3134
13.3042	8.31343
13.3097	8.3135
13.3125	8.31353
13.3179	8.31359
13.3207	8.31363
13.3262	8.31369
13.3289	8.31373
13.3316	8.31376
13.3371	8.31382
13.3398	8.31386
13.3453	8.31392
13.3481	8.31396
13.3535	8.31402
13.3563	8.31405
13.3618	8.31412
13.3645	8.31415
13.37	8.31422
13.3727	8.31425
13.3782	8.31432
13.3809	8.31435
13.3837	8.31438
13.3891	8.31445
13.3919	8.31448
13.3974	8.31455
13.4001	8.31458
13.4056	8.31465
13.4083	8.31468
13.4138	8.31475
13.4165	8.31478
13.422	8.31485
13.4247	8.31488
13.4302	8.31495
13.433	8.31498
13.4384	8.31505
13.4412	8.31508
13.4439	8.31512
13.4494	8.31518
13.4521	8.31522
13.4576	8.31528
13.4603	8.31532
13.4658	8.31538
13.4686	8.31542
13.474	8.31548
13.4768	8.31552
13.4822	8.31558
13.485	8.31562
13.4877	8.31565
13.4932	8.31572
13.4959	8.31575
13.5014	8.31582
13.5041	8.31585
13.5096	8.31592
13.5124	8.31595
13.5178	8.31602
13.5206	8.31605
13.5261	8.31612
13.5288	8.31615
13.5343	8.31622
13.537	8.31625
13.5397	8.31629
13.5452	8.31635
13.5479	8.31639
13.5534	8.31645
13.5562	8.31649
13.5616	8.31655
13.5644	8.31659
13.5698	8.31666
13.5726	8.31669
13.5781	8.31676
13.5808	8.31679
13.5835	8.31682
13.589	8.31689
13.5917	8.31692
13.5972	8.31699
13.5999	8.31702
13.6054	8.31709
13.6082	8.31712
13.6136	8.31719
13.6164	8.31722
13.6218	8.31729
13.6246	8.31733
13.63	8.31739
13.6328	8.31743
13.6382	8.31749
13.641	8.31753
13.6437	8.31756
13.6492	8.31763
13.6519	8.31766
13.6574	8.31773
13.6601	8.31776
13.6656	8.31783
13.6683	8.31786
13.6738	8.31793
13.6765	8.31796
13.682	8.31803
13.6847	8.31806
13.6902	8.31813
13.6929	8.31816
13.6957	8.31819
13.7011	8.31826
13.7039	8.31829
13.7094	8.31836
13.7121	8.31839
13.7176	8.31846
13.7203	8.31849
13.7258	8.31856
13.7285	8.31859
13.734	8.31866
13.7367	8.31869
13.7394	8.31872
13.7449	8.31879
13.7476	8.31882
13.7531	8.31889
13.7558	8.31892
13.7613	8.31899
13.764	8.31902
13.7695	8.31909
13.7722	8.31912
13.7777	8.31918
13.7804	8.31922
13.7859	8.31928
13.7886	8.31932
13.7913	8.31935
13.7968	8.31941
13.8023	8.31948
13.805	8.31951
13.8077	8.31954
13.8132	8.31961
13.8159	8.31964
13.8214	8.31971
13.8241	8.31974
13.8296	8.3198
13.8323	8.31984
13.8378	8.3199
13.8405	8.31993
13.846	8.32
13.8487	8.32003
13.8514	8.32006
13.8569	8.32013
13.8596	8.32016
13.8651	8.32023
13.8678	8.32026
13.8733	8.32032
13.876	8.32035
13.8814	8.32042
13.8842	8.32045
13.8896	8.32052
13.8924	8.32055
13.8978	8.32061
13.9005	8.32064
13.906	8.32071
13.9087	8.32074
13.9115	8.32077
13.9169	8.32084
13.9197	8.32087
13.9251	8.32093
13.9278	8.32097
13.9333	8.32103
13.936	8.32106
13.9415	8.32113
13.9442	8.32116
13.9497	8.32122
13.9524	8.32125
13.9579	8.32132
13.9606	8.32135
13.9633	8.32138
13.9688	8.32145
13.9715	8.32148
13.977	8.32154
13.9797	8.32157
13.9852	8.32164
13.9879	8.32167
13.9933	8.32173
13.9961	8.32177
14.0015	8.32183
14.0043	8.32186
14.0097	8.32193
14.0124	8.32196
14.0179	8.32202
14.0206	8.32205
14.0234	8.32209
14.0288	8.32215
14.0316	8.32218
14.037	8.32225
14.0398	8.32228
14.0452	8.32234
14.0479	8.32238
14.0534	8.32244
14.0561	8.32247
14.0616	8.32254
14.0643	8.32257
14.0698	8.32263
14.0725	8.32266
14.0753	8.3227
14.0807	8.32276
14.0834	8.32279
14.0889	8.32286
14.0916	8.32289
14.0971	8.32295
14.0998	8.32299
14.1053	8.32305
14.108	8.32308
14.1135	8.32315
14.1162	8.32318
14.1217	8.32325
14.1244	8.32328
14.1272	8.32331
14.1326	8.32337
14.1354	8.32341
14.1408	8.32347
14.1436	8.3235
14.149	8.32357
14.1518	8.3236
14.1572	8.32367
14.16	8.3237
14.1655	8.32377
14.1682	8.3238
14.1709	8.32383
14.1764	8.3239
14.1791	8.32393
14.1846	8.32399
14.1873	8.32403
14.1928	8.32409
14.1956	8.32413
14.201	8.32419
14.2038	8.32423
14.2092	8.32429
14.212	8.32432
14.2175	8.32439
14.2202	8.32442
14.2257	8.32449
14.2284	8.32452
14.2312	8.32456
14.2366	8.32462
14.2394	8.32466
14.2449	8.32472
14.2476	8.32476
14.2531	8.32482
14.2558	8.32486
14.2613	8.32492
14.264	8.32496
14.2668	8.32499
14.2723	8.32506
14.275	8.32509
14.2805	8.32516
14.2832	8.32519
14.2887	8.32526
14.2915	8.32529
14.297	8.32536
14.2997	8.3254
14.3052	8.32546
14.3079	8.3255
14.3134	8.32557
14.3162	8.3256
14.3217	8.32567
14.3244	8.3257
14.3299	8.32577
14.3327	8.32581
14.3354	8.32584
14.3409	8.32591
14.3437	8.32595
14.3492	8.32601
14.3519	8.32605
14.3547	8.32608
14.3602	8.32615
14.3629	8.32619
14.3684	8.32626
14.3712	8.32629
14.3767	8.32636
14.3794	8.3264
14.3849	8.32647
14.3877	8.3265
14.3932	8.32658
14.3959	8.32661
14.4014	8.32668
14.4042	8.32672
14.407	8.32675
14.4125	8.32682
14.4152	8.32686
14.4207	8.32693
14.4235	8.32697
14.429	8.32704
14.4318	8.32707
14.4373	8.32715
14.44	8.32718
14.4428	8.32722
14.4483	8.32729
14.4511	8.32733
14.4566	8.3274
14.4594	8.32744
14.4649	8.32751
14.4676	8.32755
14.4732	8.32762
14.4759	8.32766
14.4787	8.32769
14.4842	8.32777
14.487	8.3278
14.4925	8.32788
14.4953	8.32791
14.5008	8.32799
14.5036	8.32802
14.5091	8.3281
14.5119	8.32814
14.5146	8.32817
14.5202	8.32825
14.5229	8.32828
14.5284	8.32836
14.5312	8.32839
14.5367	8.32847
14.5395	8.32851
14.545	8.32858
14.5478	8.32862
14.5506	8.32865
14.5561	8.32873
14.5589	8.32877
14.5644	8.32884
14.5672	8.32888
14.5727	8.32895
14.5755	8.32899
14.5782	8.32902
14.5837	8.3291
14.5865	8.32914
14.592	8.32921
14.5948	8.32925
14.6003	8.32932
14.6031	8.32936
14.6086	8.32943
14.6114	8.32947
14.6142	8.32951
14.6197	8.32958
14.6224	8.32962
14.628	8.32969
14.6307	8.32973
14.6363	8.3298
14.639	8.32984
14.6446	8.32991
14.6473	8.32995
14.6528	8.33002
14.6556	8.33006
14.6584	8.33009
14.6639	8.33017
14.6666	8.3302
14.6722	8.33028
14.6749	8.33031
14.6804	8.33039
14.6832	8.33042
14.6887	8.33049
14.6915	8.33053
14.6942	8.33057
14.6997	8.33064
14.7025	8.33067
14.708	8.33075
14.7108	8.33078
14.7163	8.33085
14.719	8.33089
14.7218	8.33092
14.7273	8.33099
14.73	8.33103
14.7355	8.3311
14.7383	8.33114
14.7438	8.33121
14.7466	8.33124
14.7521	8.33131
14.7548	8.33135
14.7603	8.33142
14.763	8.33145
14.7685	8.33152
14.7713	8.33155
14.774	8.33159
14.7795	8.33166
14.7823	8.33169
14.7877	8.33176
14.7905	8.33179
14.796	8.33186
14.7987	8.33189
14.8042	8.33196
14.8069	8.33199
14.8097	8.33203
14.8151	8.33209
14.8179	8.33213
14.8233	8.33219
14.8261	8.33222
14.8316	8.33229
14.8343	8.33232
14.8397	8.33239
14.8425	8.33242
14.8452	8.33245
14.8507	8.33251
14.8561	8.33258
14.8588	8.33261
14.8616	8.33264
14.867	8.3327
14.8697	8.33273
14.8752	8.3328
14.8779	8.33283
14.8833	8.33289
14.8861	8.33292
14.8888	8.33295
14.8942	8.33301
14.8969	8.33304
14.9024	8.3331
14.9051	8.33313
14.9105	8.33319
14.9159	8.33324
14.9186	8.33327
14.9213	8.3333
14.9268	8.33336
14.9295	8.33339
14.9349	8.33344
14.9376	8.33347
14.9403	8.3335
14.9457	8.33356
14.9484	8.33358
14.9538	8.33364
14.9565	8.33367
14.9618	8.33372
14.9645	8.33375
14.9699	8.3338
14.9726	8.33383
14.978	8.33388
14.9807	8.3339
